1	1
2	4
3	1
4	3
5	2
6	2
7	1
8	4
9	2
10	6
11	4
12	1
13	3
14	4
15	3
16	4
17	3
18	5
19	1
20	1
21	1
22	4
23	4
24	3
25	4
26	5
27	3
28	1
29	4
30	5
31	5
32	5
33	5
34	1
35	4
36	1
37	2
38	4
39	1
40	1
41	1
42	1
43	1
44	1
45	1
46	1
47	1
48	1
49	4
50	1
51	4
52	4
53	1
54	6
55	4
56	3
57	5
58	3
59	4
60	1
61	3
62	6
63	4
64	2
65	1
66	4
67	4
68	4
69	3
70	4
71	1
72	1
73	1
74	3
75	5
76	1
77	1
78	5
79	5
80	4
81	3
82	1
83	4
84	5
85	1
86	4
87	3
88	2
89	4
90	1
91	5
92	6
93	1
94	4
95	4
96	4
97	5
98	2
99	4
100	1
101	4
102	1
103	5
104	4
105	1
106	4
107	4
108	4
109	3
110	1
111	1
112	1
113	3
114	2
115	1
116	1
117	1
118	3
119	4
120	1
121	3
122	1
123	4
124	5
125	2
126	1
127	2
128	4
129	3
130	6
131	5
132	1
133	1
134	1
135	2
136	6
137	1
138	1
139	1
140	1
141	2
142	1
143	1
144	6
145	1
146	1
147	1
148	4
149	1
150	3
151	3
152	4
153	4
154	4
155	4
156	4
157	4
158	4
159	1
160	5
161	1
162	6
163	5
164	1
165	3
166	1
167	1
168	4
169	3
170	6
171	1
172	1
173	5
174	2
175	1
176	5
177	4
178	1
179	4
180	5
181	4
182	1
183	4
184	5
185	4
186	1
187	1
188	1
189	1
190	4
191	1
192	5
193	1
194	1
195	4
196	6
197	1
198	1
199	1
200	1
201	4
202	2
203	1
204	1
205	1
206	4
207	4
208	6
209	1
210	1
211	6
212	1
213	4
214	4
215	1
216	5
217	4
218	2
219	5
220	4
221	4
222	4
223	4
224	4
225	4
226	6
227	1
228	4
229	4
230	1
231	1
232	4
233	4
234	4
235	4
236	4
237	4
238	1
239	3
240	1
241	1
242	1
243	1
244	5
245	4
246	1
247	1
248	1
249	4
250	6
251	1
252	4
253	1
254	4
255	4
256	1
257	4
258	4
259	1
260	4
261	1
262	4
263	5
264	2
265	1
266	4
267	5
268	4
269	5
270	2
271	2
272	1
273	5
274	2
275	5
276	4
277	4
278	1
279	5
280	6
281	2
282	1
283	1
284	2
285	5
286	5
287	5
288	1
289	2
290	2
291	2
292	4
293	4
294	6
295	2
296	4
297	4
298	5
299	2
300	4
301	6
302	3
303	4
304	4
305	4
306	5
307	1
308	1
309	3
310	6
311	4
312	3
313	1
314	1
315	1
316	1
317	1
318	4
319	4
320	1
321	1
322	4
323	4
324	1
325	3
326	3
327	3
328	3
329	2
330	2
331	2
332	3
333	4
334	1
335	1
336	4
337	4
338	1
339	5
340	1
341	1
342	1
343	4
344	6
345	1
346	1
347	1
348	1
349	1
350	4
351	1
352	1
353	3
354	3
355	3
356	4
357	4
358	4
359	6
360	6
361	1
362	1
363	3
364	4
365	4
366	4
367	4
368	1
369	1
370	1
371	6
372	3
373	4
374	1
375	4
376	3
377	3
378	3
379	3
380	1
381	5
382	6
383	4
384	3
385	3
386	1
387	1
388	1
389	1
390	1
391	4
392	4
393	4
394	1
395	1
396	2
397	6
398	6
399	6
400	1
401	1
402	1
403	1
404	1
405	1
406	1
407	4
408	5
409	4
410	1
411	1
412	1
413	1
414	6
415	4
416	6
417	1
418	1
419	1
420	4
421	4
422	3
423	4
424	3
425	1
426	1
427	1
428	4
429	4
430	5
431	5
432	2
433	6
434	6
435	1
436	1
437	1
438	4
439	4
440	4
441	4
442	3
443	4
444	3
445	4
446	4
447	5
448	4
449	1
450	3
451	3
452	4
453	5
454	1
455	1
456	4
457	4
458	5
459	5
460	4
461	4
462	3
463	4
464	4
465	1
466	6
467	6
468	1
469	4
470	4
471	4
472	4
473	1
474	4
475	5
476	4
477	4
478	4
479	1
480	5
481	1
482	4
483	4
484	4
485	1
486	4
487	1
488	1
489	1
490	1
491	5
492	6
493	1
494	1
495	1
496	1
497	1
498	1
499	5
500	1
501	1
502	4
503	4
504	4
505	1
506	5
507	1
508	4
509	4
510	1
511	4
512	1
513	3
514	3
515	1
516	1
517	4
518	4
519	3
520	1
521	1
522	4
523	4
524	4
525	3
526	4
527	1
528	1
529	2
530	1
531	1
532	1
533	1
534	5
535	5
536	4
537	1
538	5
539	4
540	4
541	2
542	4
543	1
544	6
545	2
546	3
547	1
548	4
549	1
550	4
551	4
552	4
553	3
554	5
555	4
556	4
557	3
558	4
559	4
560	6
561	4
562	5
563	5
564	6
565	1
566	6
567	4
568	5
569	1
570	1
571	1
572	4
573	4
574	4
575	4
576	4
577	4
578	2
579	3
580	1
581	4
582	4
583	6
584	1
585	1
586	1
587	4
588	1
589	3
590	1
591	4
592	2
593	4
594	1
595	1
596	1
597	1
598	4
599	4
600	4
601	1
602	5
603	4
604	1
605	1
606	1
607	1
608	1
609	4
610	4
611	6
612	1
613	1
614	1
615	2
616	2
617	4
618	5
619	1
620	4
621	1
622	1
623	1
624	1
625	1
626	1
627	3
628	2
629	6
630	3
631	1
632	1
633	1
634	4
635	4
636	6
637	4
638	3
639	3
640	4
641	4
642	1
643	1
644	1
645	2
646	3
647	4
648	1
649	4
650	1
651	1
652	1
653	2
654	6
655	1
656	4
657	1
658	6
659	4
660	1
661	1
662	1
663	6
664	1
665	5
666	4
667	1
668	1
669	4
670	4
671	4
672	1
673	5
674	4
675	1
676	1
677	1
678	3
679	1
680	3
681	4
682	6
683	1
684	4
685	4
686	4
687	4
688	4
689	4
690	5
691	1
692	1
693	1
694	5
695	4
696	6
697	2
698	4
699	4
700	4
701	4
702	4
703	3
704	1
705	6
706	6
707	4
708	4
709	4
710	3
711	3
712	4
713	3
714	5
715	4
716	6
717	6
718	4
719	1
720	1
721	1
722	1
723	1
724	2
725	2
726	4
727	1
728	4
729	4
730	1
731	1
732	1
733	5
734	1
735	1
736	1
737	1
738	1
739	4
740	2
741	5
742	1
743	4
744	3
745	4
746	4
747	4
748	4
749	4
750	4
751	1
752	1
753	1
754	1
755	5
756	4
757	3
758	1
759	1
760	1
761	1
762	1
763	3
764	4
765	1
766	3
767	6
768	1
769	4
770	5
771	5
772	4
773	4
774	4
775	3
776	1
777	3
778	4
779	1
780	4
781	3
782	3
783	5
784	3
785	3
786	1
787	1
788	1
789	1
790	2
791	1
792	4
793	1
794	5
795	1
796	6
797	1
798	4
799	5
800	4
801	4
802	5
803	5
804	4
805	4
806	4
807	1
808	1
809	1
810	1
811	6
812	1
813	4
814	5
815	1
816	1
817	1
818	1
819	6
820	4
821	6
822	1
823	1
824	5
825	1
826	4
827	2
828	4
829	4
830	4
831	3
832	5
833	5
834	5
835	1
836	1
837	1
838	1
839	2
840	4
841	1
842	4
843	4
844	1
845	4
846	3
847	1
848	1
849	1
850	1
851	1
852	6
853	6
854	6
855	1
856	1
857	2
858	6
859	6
860	5
861	1
862	1
863	5
864	1
865	1
866	1
867	1
868	3
869	1
870	1
871	6
872	4
873	1
874	4
875	1
876	1
877	4
878	1
879	3
880	1
881	3
882	5
883	4
884	4
885	5
886	1
887	5
888	5
889	4
890	2
891	2
892	5
893	1
894	1
895	3
896	5
897	3
898	5
899	1
900	4
901	1
902	4
903	4
904	4
905	4
906	4
907	4
908	1
909	6
910	5
911	4
912	4
913	2
914	5
915	4
916	6
917	2
918	3
919	4
920	1
921	4
922	4
923	4
924	1
925	5
926	1
927	6
928	6
929	1
930	4
931	1
932	1
933	1
934	1
935	4
936	1
937	1
938	1
939	1
940	1
941	2
942	1
943	1
944	1
945	6
946	1
947	4
948	3
949	2
950	2
951	1
952	1
953	4
954	4
955	1
956	1
957	4
958	1
959	4
960	1
961	3
962	6
963	1
964	5
965	1
966	1
967	2
968	4
969	6
970	6
971	1
972	3
973	3
974	1
975	4
976	1
977	4
978	4
979	3
980	1
981	1
982	1
983	1
984	1
985	1
986	2
987	1
988	4
989	1
990	1
991	1
992	5
993	4
994	5
995	1
996	1
997	1
998	5
999	4
1000	4
1001	4
1002	3
1003	1
1004	1
1005	4
1006	4
1007	4
1008	4
1009	4
1010	1
1011	1
1012	5
1013	4
1014	3
1015	5
1016	3
1017	3
1018	2
1019	5
1020	5
1021	1
1022	3
1023	4
1024	3
1025	1
1026	2
1027	5
1028	5
1029	3
1030	3
1031	2
1032	6
1033	1
1034	5
1035	5
1036	3
1037	4
1038	3
1039	3
1040	5
1041	3
1042	3
1043	3
1044	3
1045	2
1046	6
1047	3
1048	3
1049	3
1050	3
1051	5
1052	6
1053	5
1054	5
1055	3
1056	5
1057	3
1058	5
1059	3
1060	5
1061	3
1062	4
1063	4
1064	5
1065	6
1066	1
1067	5
1068	3
1069	3
1070	1
1071	3
1072	5
1073	5
1074	4
1075	2
1076	4
1077	3
1078	1
1079	3
1080	1
1081	5
1082	3
1083	5
1084	3
1085	1
1086	5
1087	3
1088	1
1089	3
1090	3
1091	3
1092	5
1093	1
1094	5
1095	6
1096	5
1097	6
1098	6
1099	3
1100	5
1101	3
1102	3
1103	3
1104	1
1105	2
1106	3
1107	3
1108	3
1109	6
1110	3
1111	5
1112	5
1113	2
1114	6
1115	4
1116	4
1117	3
1118	3
1119	5
1120	3
1121	2
1122	6
1123	3
1124	5
1125	6
1126	3
1127	1
1128	3
1129	6
1130	5
1131	5
1132	4
1133	3
1134	3
1135	2
1136	3
1137	3
1138	5
1139	3
1140	5
1141	5
1142	3
1143	3
1144	5
1145	4
1146	5
1147	3
1148	5
1149	3
1150	6
1151	3
1152	6
1153	3
1154	5
1155	2
1156	4
1157	5
1158	5
1159	6
1160	3
1161	2
1162	3
1163	5
1164	3
1165	5
1166	4
1167	5
1168	4
1169	5
1170	4
1171	3
1172	5
1173	5
1174	3
1175	3
1176	5
1177	3
1178	4
1179	6
1180	5
1181	3
1182	2
1183	6
1184	6
1185	4
1186	6
1187	6
1188	5
1189	6
1190	5
1191	3
1192	4
1193	3
1194	2
1195	5
1196	5
1197	3
1198	4
1199	6
1200	4
1201	3
1202	6
1203	6
1204	4
1205	5
1206	1
1207	3
1208	4
1209	5
1210	4
1211	3
1212	1
1213	4
1214	2
1215	6
1216	6
1217	1
1218	6
1219	6
1220	4
1221	2
1222	6
1223	4
1224	6
1225	6
1226	3
1227	4
1228	5
1229	3
1230	4
1231	4
1232	4
1233	6
1234	1
1235	4
1236	6
1237	3
1238	2
1239	4
1240	4
1241	1
1242	4
1243	3
1244	6
1245	4
1246	5
1247	3
1248	4
1249	3
1250	4
1251	3
1252	3
1253	6
1254	3
1255	5
1256	3
1257	3
1258	4
1259	6
1260	6
1261	2
1262	3
1263	3
1264	6
1265	4
1266	6
1267	6
1268	4
1269	3
1270	5
1271	6
1272	5
1273	4
1274	4
1275	5
1276	3
1277	6
1278	5
1279	5
1280	4
1281	6
1282	4
1283	4
1284	4
1285	4
1286	6
1287	3
1288	1
1289	5
1290	3
1291	4
1292	6
1293	6
1294	6
1295	3
1296	3
1297	5
1298	2
1299	6
1300	6
1301	6
1302	6
1303	3
1304	6
1305	5
1306	4
1307	6
1308	3
1309	6
1310	3
1311	5
1312	3
1313	5
1314	4
1315	5
1316	5
1317	5
1318	6
1319	5
1320	5
1321	3
1322	3
1323	4
1324	5
1325	6
1326	6
1327	4
1328	5
1329	1
1330	5
1331	4
1332	4
1333	6
1334	6
1335	4
1336	4
1337	4
1338	6
1339	6
1340	4
1341	6
1342	6
1343	5
1344	1
1345	6
1346	4
1347	6
1348	3
1349	2
1350	4
1351	5
1352	4
1353	3
1354	2
1355	5
1356	2
1357	2
1358	5
1359	2
1360	5
1361	5
1362	6
1363	3
1364	5
1365	5
1366	5
1367	5
1368	5
1369	2
1370	5
1371	5
1372	3
1373	5
1374	3
1375	4
1376	5
1377	5
1378	6
1379	5
1380	2
1381	5
1382	4
1383	6
1384	4
1385	2
1386	5
1387	2
1388	4
1389	1
1390	3
1391	3
1392	3
1393	3
1394	3
1395	3
1396	4
1397	3
1398	4
1399	5
1400	5
1401	2
1402	3
1403	3
1404	3
1405	3
1406	3
1407	5
1408	5
1409	5
1410	5
1411	4
1412	3
1413	2
1414	1
1415	2
1416	2
1417	3
1418	3
1419	6
1420	4
1421	1
1422	6
1423	6
1424	6
1425	4
1426	3
1427	3
1428	3
1429	5
1430	5
1431	4
1432	2
1433	6
1434	6
1435	6
1436	6
1437	6
1438	1
1439	5
1440	3
1441	3
1442	5
1443	3
1444	2
1445	3
1446	3
1447	6
1448	6
1449	6
1450	3
1451	3
1452	5
1453	6
1454	6
1455	4
1456	6
1457	6
1458	6
1459	5
1460	2
1461	4
1462	6
1463	2
1464	6
1465	4
1466	6
1467	3
1468	4
1469	3
1470	6
1471	6
1472	4
1473	3
1474	3
1475	4
1476	3
1477	2
1478	1
1479	3
1480	3
1481	3
1482	3
1483	6
1484	5
1485	6
1486	3
1487	5
1488	6
1489	6
1490	2
1491	6
1492	3
1493	5
1494	5
1495	3
1496	5
1497	1
1498	3
1499	3
1500	3
1501	3
1502	6
1503	6
1504	6
1505	2
1506	6
1507	3
1508	3
1509	3
1510	3
1511	5
1512	4
1513	5
1514	5
1515	2
1516	4
1517	5
1518	4
1519	6
1520	6
1521	1
1522	4
1523	5
1524	5
1525	5
1526	3
1527	4
1528	1
1529	3
1530	3
1531	6
1532	3
1533	3
1534	3
1535	2
1536	2
1537	3
1538	3
1539	3
1540	3
1541	6
1542	6
1543	6
1544	4
1545	3
1546	3
1547	3
1548	3
1549	5
1550	6
1551	6
1552	3
1553	6
1554	4
1555	6
1556	3
1557	3
1558	5
1559	5
1560	2
1561	2
1562	5
1563	3
1564	5
1565	2
1566	5
1567	1
1568	1
1569	4
1570	5
1571	3
1572	6
1573	6
1574	3
1575	5
1576	6
1577	1
1578	2
1579	6
1580	3
1581	6
1582	5
1583	6
1584	5
1585	5
1586	5
1587	4
1588	4
1589	4
1590	6
1591	6
1592	5
1593	4
1594	4
1595	5
1596	5
1597	5
1598	4
1599	4
1600	3
1601	3
1602	3
1603	3
1604	6
1605	3
1606	3
1607	3
1608	3
1609	3
1610	6
1611	5
1612	3
1613	6
1614	3
1615	3
1616	3
1617	3
1618	6
1619	6
1620	5
1621	3
1622	1
1623	3
1624	3
1625	5
1626	5
1627	6
1628	5
1629	4
1630	5
1631	3
1632	5
1633	3
1634	3
1635	3
1636	4
1637	3
1638	5
1639	2
1640	3
1641	5
1642	5
1643	4
1644	5
1645	4
1646	6
1647	3
1648	3
1649	6
1650	4
1651	4
1652	5
1653	1
1654	5
1655	2
1656	6
1657	6
1658	5
1659	5
1660	3
1661	4
1662	3
1663	4
1664	5
1665	4
1666	5
1667	5
1668	4
1669	4
1670	6
1671	6
1672	6
1673	3
1674	3
1675	6
1676	1
1677	6
1678	4
1679	4
1680	3
1681	5
1682	5
1683	3
1684	6
1685	3
1686	3
1687	5
1688	3
1689	3
1690	5
1691	3
1692	5
1693	2
1694	3
1695	2
1696	3
1697	5
1698	5
1699	6
1700	4
1701	5
1702	3
1703	6
1704	6
1705	6
1706	6
1707	6
1708	3
1709	6
1710	6
1711	5
1712	6
1713	6
1714	6
1715	4
1716	5
1717	5
1718	5
1719	4
1720	6
1721	3
1722	5
1723	1
1724	3
1725	4
1726	3
1727	5
1728	5
1729	5
1730	2
1731	3
1732	5
1733	5
1734	5
1735	5
1736	5
1737	5
1738	5
1739	5
1740	6
1741	4
1742	4
1743	5
1744	5
1745	5
1746	5
1747	2
1748	3
1749	4
1750	6
1751	3
1752	3
1753	4
1754	4
1755	2
1756	6
1757	3
1758	2
1759	1
1760	5
1761	6
1762	4
1763	3
1764	3
1765	6
1766	6
1767	4
1768	5
1769	5
1770	3
1771	1
1772	1
1773	6
1774	3
1775	6
1776	3
1777	3
1778	6
1779	5
1780	4
1781	5
1782	4
1783	1
1784	4
1785	6
1786	6
1787	3
1788	5
1789	4
1790	5
1791	3
1792	2
1793	6
1794	6
1795	6
1796	5
1797	4
1798	5
1799	3
1800	4
1801	2
1802	3
1803	3
1804	5
1805	3
1806	6
1807	4
1808	4
1809	3
1810	3
1811	5
1812	6
1813	3
1814	3
1815	3
1816	5
1817	5
1818	3
1819	3
1820	6
1821	6
1822	4
1823	5
1824	5
1825	5
1826	6
1827	5
1828	6
1829	3
1830	4
1831	3
1832	6
1833	4
1834	3
1835	6
1836	6
1837	6
1838	6
1839	6
1840	6
1841	5
1842	6
1843	1
1844	1
1845	1
1846	6
1847	6
1848	3
1849	1
1850	1
1851	4
1852	3
1853	4
1854	6
1855	6
1856	5
1857	4
1858	2
1859	2
1860	2
1861	3
1862	6
1863	2
1864	4
1865	3
1866	5
1867	3
1868	3
1869	1
1870	5
1871	6
1872	6
1873	6
1874	5
1875	2
1876	3
1877	5
1878	6
1879	6
1880	1
1881	3
1882	1
1883	3
1884	4
1885	4
1886	3
1887	6
1888	1
1889	1
1890	6
1891	6
1892	4
1893	2
1894	3
1895	3
1896	4
1897	3
1898	4
1899	4
1900	4
1901	6
1902	6
1903	3
1904	1
1905	5
1906	5
1907	6
1908	4
1909	3
1910	3
1911	3
1912	3
1913	3
1914	2
1915	3
1916	3
1917	6
1918	6
1919	6
1920	5
1921	5
1922	4
1923	6
1924	5
1925	3
1926	6
1927	6
1928	3
1929	3
1930	6
1931	3
1932	5
1933	3
1934	1
1935	5
1936	1
1937	1
1938	4
1939	4
1940	3
1941	6
1942	5
1943	5
1944	3
1945	6
1946	6
1947	5
1948	5
1949	4
1950	4
1951	3
1952	4
1953	2
1954	6
1955	6
1956	6
1957	4
1958	5
1959	3
1960	3
1961	6
1962	5
1963	5
1964	5
1965	6
1966	2
1967	5
1968	3
1969	5
1970	4
1971	5
1972	5
1973	5
1974	5
1975	6
1976	5
1977	4
1978	2
1979	5
1980	4
1981	6
1982	2
1983	1
1984	1
1985	3
1986	5
1987	3
1988	3
1989	3
1990	4
1991	3
1992	4
1993	2
1994	2
1995	6
1996	5
1997	5
1998	5
1999	4
2000	4
2001	6
2002	6
2003	6
2004	6
2005	6
2006	6
2007	6
2008	5
2009	6
2010	6
2011	3
2012	3
2013	1
2014	2
2015	5
2016	5
2017	4
2018	4
2019	4
2020	5
2021	5
2022	3
2023	3
2024	6
2025	4
2026	6
2027	5
2028	5
2029	2
2030	2
2031	5
2032	4
2033	6
2034	6
2035	3
2036	4
2037	3
2038	3
2039	1
2040	6
2041	5
2042	3
2043	4
2044	5
2045	4
2046	3
2047	3
2048	3
2049	6
2050	6
2051	6
2052	3
2053	6
2054	3
2055	6
2056	6
2057	6
2058	3
2059	3
2060	3
2061	6
2062	5
2063	6
2064	6
2065	4
2066	4
2067	4
2068	1
2069	4
2070	4
2071	5
2072	6
2073	6
2074	4
2075	3
2076	6
2077	5
2078	5
2079	1
2080	3
2081	6
2082	5
2083	5
2084	2
2085	5
2086	4
2087	1
2088	1
2089	5
2090	1
2091	4
2092	4
2093	6
2094	3
2095	2
2096	6
2097	5
2098	4
2099	6
2100	6
2101	3
2102	3
2103	3
2104	5
2105	4
2106	3
2107	3
2108	3
2109	3
2110	6
2111	6
2112	6
2113	6
2114	6
2115	6
2116	3
2117	5
2118	1
2119	4
2120	3
2121	4
2122	6
2123	6
2124	6
2125	6
2126	3
2127	6
2128	6
2129	4
2130	2
2131	5
2132	5
2133	5
2134	5
2135	1
2136	5
2137	3
2138	1
2139	3
2140	3
2141	3
2142	5
2143	2
2144	2
2145	2
2146	6
2147	4
2148	1
2149	6
2150	4
2151	4
2152	6
2153	4
2154	3
2155	4
2156	3
2157	5
2158	4
2159	1
2160	5
2161	5
2162	4
2163	4
2164	3
2165	3
2166	3
2167	3
2168	3
2169	3
2170	3
2171	5
2172	5
2173	5
2174	5
2175	5
2176	6
2177	5
2178	5
2179	2
2180	1
2181	3
2182	4
2183	2
2184	5
2185	3
2186	1
2187	2
2188	1
2189	4
2190	4
2191	6
2192	2
2193	5
2194	3
2195	5
2196	5
2197	2
2198	2
2199	2
2200	5
2201	1
2202	3
2203	5
2204	3
2205	5
2206	3
2207	3
2208	5
2209	1
2210	5
2211	5
2212	5
2213	3
2214	3
2215	4
2216	5
2217	3
2218	3
2219	3
2220	1
2221	3
2222	3
2223	3
2224	3
2225	4
2226	5
2227	1
2228	5
2229	3
2230	1
2231	5
2232	3
2233	1
2234	2
2235	3
2236	3
2237	3
2238	5
2239	4
2240	1
2241	4
2242	5
2243	4
2244	6
2245	3
2246	3
2247	4
2248	5
2249	3
2250	2
2251	5
2252	3
2253	3
2254	3
2255	6
2256	6
2257	3
2258	3
2259	3
2260	4
2261	6
2262	3
2263	6
2264	3
2265	3
2266	5
2267	4
2268	5
2269	5
2270	5
2271	3
2272	3
2273	2
2274	6
2275	5
2276	5
2277	3
2278	5
2279	3
2280	6
2281	3
2282	2
2283	1
2284	3
2285	2
2286	1
2287	3
2288	6
2289	1
2290	5
2291	1
2292	3
2293	6
2294	4
2295	4
2296	3
2297	6
2298	5
2299	4
2300	3
2301	4
2302	5
2303	2
2304	5
2305	3
2306	3
2307	3
2308	3
2309	5
2310	3
2311	3
2312	5
2313	1
2314	5
2315	3
2316	5
2317	4
2318	2
2319	2
2320	3
2321	5
2322	6
2323	5
2324	3
2325	5
2326	3
2327	5
2328	5
2329	4
2330	5
2331	4
2332	2
2333	3
2334	3
2335	1
2336	3
2337	6
2338	6
2339	6
2340	3
2341	4
2342	1
2343	4
2344	3
2345	3
2346	2
2347	6
2348	6
2349	1
2350	3
2351	3
2352	1
2353	3
2354	2
2355	1
2356	4
2357	3
2358	1
2359	6
2360	4
2361	1
2362	4
2363	5
2364	4
2365	4
2366	2
2367	5
2368	5
2369	6
2370	6
2371	5
2372	3
2373	3
2374	4
2375	5
2376	5
2377	6
2378	3
2379	5
2380	1
2381	5
2382	6
2383	6
2384	1
2385	4
2386	4
2387	1
2388	6
2389	3
2390	5
2391	3
2392	1
2393	5
2394	6
2395	5
2396	2
2397	6
2398	5
2399	6
2400	4
2401	4
2402	4
2403	6
2404	4
2405	5
2406	6
2407	4
2408	3
2409	4
2410	3
2411	2
2412	6
2413	6
2414	6
2415	6
2416	3
2417	5
2418	3
2419	6
2420	5
2421	5
2422	1
2423	3
2424	3
2425	6
2426	6
2427	6
2428	4
2429	6
2430	1
2431	2
2432	5
2433	6
2434	5
2435	1
2436	1
2437	6
2438	5
2439	1
2440	6
2441	6
2442	1
2443	4
2444	1
2445	1
2446	1
2447	4
2448	3
2449	2
2450	1
2451	4
2452	3
2453	6
2454	4
2455	1
2456	1
2457	3
2458	5
2459	6
2460	5
2461	4
2462	6
2463	2
2464	4
2465	4
2466	1
2467	4
2468	5
2469	5
2470	1
2471	5
2472	2
2473	6
2474	4
2475	3
2476	6
2477	3
2478	5
2479	3
2480	2
2481	4
2482	5
2483	4
2484	3
2485	1
2486	3
2487	3
2488	1
2489	5
2490	3
2491	3
2492	3
2493	5
2494	4
2495	5
2496	5
2497	4
2498	5
2499	2
2500	2
2501	3
2502	2
2503	4
2504	3
2505	2
2506	3
2507	5
2508	4
2509	5
2510	4
2511	3
2512	3
2513	5
2514	4
2515	4
2516	6
2517	2
2518	2
2519	6
2520	6
2521	3
2522	4
2523	3
2524	3
2525	2
2526	4
2527	4
2528	5
2529	4
2530	3
2531	3
2532	1
2533	1
2534	1
2535	3
2536	3
2537	3
2538	6
2539	3
2540	2
2541	1
2542	4
2543	4
2544	1
2545	1
2546	2
2547	2
2548	3
2549	4
2550	6
2551	6
2552	2
2553	3
2554	6
2555	1
2556	6
2557	3
2558	3
2559	4
2560	6
2561	5
2562	3
2563	2
2564	2
2565	4
2566	2
2567	3
2568	3
2569	2
2570	6
2571	4
2572	4
2573	3
2574	6
2575	4
2576	1
2577	6
2578	4
2579	3
2580	3
2581	3
2582	5
2583	3
2584	3
2585	3
2586	3
2587	3
2588	3
2589	4
2590	3
2591	3
2592	2
2593	6
2594	5
2595	3
2596	3
2597	3
2598	4
2599	3
2600	5
2601	5
2602	3
2603	3
2604	3
2605	5
2606	1
2607	1
2608	5
2609	1
2610	3
2611	6
2612	3
2613	3
2614	2
2615	1
2616	1
2617	1
2618	1
2619	1
2620	1
2621	3
2622	3
2623	2
2624	5
2625	3
2626	3
2627	3
2628	6
2629	5
2630	5
2631	6
2632	5
2633	3
2634	4
2635	4
2636	2
2637	2
2638	2
2639	4
2640	5
2641	5
2642	2
2643	3
2644	5
2645	5
2646	5
2647	1
2648	5
2649	1
2650	3
2651	3
2652	2
2653	3
2654	2
2655	3
2656	5
2657	5
2658	3
2659	3
2660	3
2661	3
2662	3
2663	1
2664	4
2665	6
2666	3
2667	1
2668	5
2669	4
2670	5
2671	4
2672	6
2673	3
2674	3
2675	3
2676	5
2677	4
2678	4
2679	6
2680	4
2681	5
2682	3
2683	5
2684	5
2685	1
2686	5
2687	4
2688	3
2689	3
2690	3
2691	5
2692	5
2693	5
2694	4
2695	4
2696	5
2697	3
2698	2
2699	1
2700	1
2701	3
2702	3
2703	5
2704	1
2705	3
2706	1
2707	4
2708	6
2709	5
2710	3
2711	3
2712	5
2713	3
2714	2
2715	3
2716	6
2717	1
2718	1
2719	6
2720	6
2721	4
2722	1
2723	3
2724	2
2725	3
2726	2
2727	3
2728	1
2729	5
2730	3
2731	6
2732	2
2733	4
2734	3
2735	1
2736	6
2737	3
2738	3
2739	4
2740	6
2741	4
2742	6
2743	3
2744	5
2745	4
2746	4
2747	4
2748	6
2749	6
2750	3
2751	6
2752	5
2753	6
2754	6
2755	6
2756	6
2757	6
2758	2
2759	3
2760	3
2761	3
2762	5
2763	5
2764	4
2765	5
2766	3
2767	2
2768	4
2769	5
2770	5
2771	1
2772	1
2773	3
2774	4
2775	4
2776	6
2777	6
2778	5
2779	4
2780	4
2781	4
2782	5
2783	2
2784	4
2785	6
2786	6
2787	1
2788	5
2789	5
2790	3
2791	1
2792	4
2793	5
2794	4
2795	5
2796	4
2797	6
2798	2
2799	6
2800	5
2801	6
2802	6
2803	5
2804	3
2805	5
2806	2
2807	2
2808	2
2809	1
2810	4
2811	4
2812	2
2813	4
2814	1
2815	4
2816	4
2817	1
2818	4
2819	3
2820	3
2821	6
2822	3
2823	1
2824	6
2825	6
2826	2
2827	6
2828	6
2829	6
2830	6
2831	3
2832	3
2833	3
2834	4
2835	6
2836	5
2837	6
2838	6
2839	6
2840	1
2841	1
2842	5
2843	5
2844	2
2845	5
2846	4
2847	6
2848	5
2849	5
2850	5
2851	1
2852	1
2853	3
2854	3
2855	4
2856	2
2857	2
2858	6
2859	4
2860	6
2861	6
2862	3
2863	6
2864	6
2865	6
2866	4
2867	5
2868	5
2869	4
2870	1
2871	6
2872	4
2873	4
2874	6
2875	4
2876	5
2877	4
2878	3
2879	3
2880	2
2881	4
2882	4
2883	6
2884	1
2885	1
2886	6
2887	6
2888	6
2889	6
2890	6
2891	4
2892	3
2893	4
2894	4
2895	2
2896	6
2897	1
2898	6
2899	5
2900	3
2901	3
2902	3
2903	4
2904	4
2905	5
2906	3
2907	1
2908	4
2909	1
2910	1
2911	3
2912	3
2913	3
2914	3
2915	4
2916	5
2917	6
2918	5
2919	4
2920	5
2921	1
2922	1
2923	5
2924	5
2925	5
2926	2
2927	4
2928	5
2929	2
2930	2
2931	2
2932	5
2933	6
2934	6
2935	5
2936	3
2937	1
2938	3
2939	3
2940	3
2941	5
2942	5
2943	5
2944	3
2945	4
2946	4
2947	3
2948	4
2949	3
2950	3
2951	5
2952	3
2953	3
2954	5
2955	3
2956	3
2957	5
2958	3
2959	3
2960	3
2961	5
2962	6
2963	2
2964	6
2965	3
2966	6
2967	6
2968	4
2969	6
2970	2
2971	3
2972	3
2973	2
2974	2
2975	3
2976	5
2977	4
2978	6
2979	5
2980	5
2981	5
2982	6
2983	6
2984	4
2985	1
2986	1
2987	1
2988	1
2989	5
2990	2
2991	3
2992	2
2993	3
2994	5
2995	2
2996	3
2997	1
2998	2
2999	2
3000	6
3001	4
3002	3
3003	2
3004	1
3005	6
3006	6
3007	6
3008	5
3009	4
3010	4
3011	6
3012	6
3013	4
3014	1
3015	4
3016	4
3017	2
3018	4
3019	3
3020	5
3021	1
3022	3
3023	4
3024	4
3025	3
3026	2
3027	3
3028	3
3029	4
3030	5
3031	3
3032	6
3033	6
3034	1
3035	4
3036	4
3037	2
3038	3
3039	6
3040	6
3041	5
3042	5
3043	6
3044	2
3045	3
3046	6
3047	3
3048	6
3049	1
3050	1
3051	1
3052	3
3053	3
3054	3
3055	3
3056	6
3057	6
3058	1
3059	4
3060	6
3061	2
3062	2
3063	2
3064	2
3065	5
3066	2
3067	2
3068	5
3069	3
3070	3
3071	6
3072	5
3073	5
3074	6
3075	5
3076	1
3077	2
3078	3
3079	4
3080	3
3081	3
3082	6
3083	6
3084	6
3085	6
3086	5
3087	3
3088	2
3089	5
3090	3
3091	5
3092	3
3093	5
3094	5
3095	6
3096	6
3097	1
3098	6
3099	5
3100	5
3101	6
3102	6
3103	6
3104	5
3105	1
3106	2
3107	6
3108	1
3109	5
3110	5
3111	6
3112	2
3113	2
3114	2
3115	1
3116	4
3117	4
3118	2
3119	6
3120	6
3121	6
3122	4
3123	4
3124	6
3125	1
3126	5
3127	1
3128	6
3129	5
3130	4
3131	6
3132	6
3133	3
3134	6
3135	6
3136	4
3137	3
3138	3
3139	6
3140	2
3141	3
3142	3
3143	2
3144	3
3145	3
3146	4
3147	1
3148	1
3149	1
3150	1
3151	1
3152	1
3153	6
3154	4
3155	5
3156	1
3157	3
3158	2
3159	5
3160	3
3161	3
3162	3
3163	4
3164	5
3165	2
3166	5
3167	5
3168	1
3169	1
3170	4
3171	1
3172	3
3173	4
3174	3
3175	4
3176	3
3177	3
3178	6
3179	6
3180	3
3181	1
3182	4
3183	6
3184	3
3185	2
3186	1
3187	6
3188	4
3189	5
3190	5
3191	4
3192	4
3193	3
3194	4
3195	3
3196	3
3197	5
3198	5
3199	2
3200	5
3201	3
3202	3
3203	1
3204	1
3205	5
3206	5
3207	1
3208	3
3209	4
3210	6
3211	3
3212	5
3213	2
3214	5
3215	5
3216	3
3217	5
3218	4
3219	5
3220	6
3221	5
3222	5
3223	1
3224	3
3225	4
3226	6
3227	6
3228	6
3229	3
3230	5
3231	5
3232	3
3233	1
3234	1
3235	2
3236	5
3237	4
3238	3
3239	3
3240	3
3241	1
3242	2
3243	2
3244	6
3245	5
3246	5
3247	5
3248	3
3249	4
3250	6
3251	5
3252	5
3253	4
3254	5
3255	5
3256	4
3257	2
3258	6
3259	3
3260	6
3261	3
3262	3
3263	1
3264	3
3265	3
3266	6
3267	2
3268	3
3269	3
3270	1
3271	5
3272	5
3273	3
3274	5
3275	5
3276	2
3277	4
3278	1
3279	3
3280	3
3281	4
3282	1
3283	4
3284	5
3285	5
3286	2
3287	5
3288	3
3289	5
3290	4
3291	1
3292	5
3293	3
3294	3
3295	5
3296	1
3297	1
3298	5
3299	5
3300	3
3301	4
3302	4
3303	3
3304	4
3305	5
3306	3
3307	5
3308	3
3309	5
3310	4
3311	3
3312	5
