1	101	1
1	109	1
1	118	1
1	127	1
1	14	1
1	191	1
1	198	1
1	222	1
1	297	1
1	364	1
1	468	1
1	470	1
1	60	1
1	698	1
1	738	0
1	804	1
1	985	0
10	366	1
100	1003	1
100	1061	1
100	1091	1
100	1188	1
100	1214	1
100	1234	1
100	127	1
100	1291	1
100	1593	1
100	1615	1
100	1623	1
100	1638	1
100	1653	1
100	288	1
100	405	1
100	551	1
100	639	1
100	918	1
100	958	1
100	962	1
1000	301	1
1001	15	1
1001	433	0
1001	783	1
1001	853	1
1002	757	1
1004	375	1
1005	355	1
1006	857	1
1007	398	1
1008	17	1
1008	51	1
1009	1420	1
1009	364	1
1009	713	1
1009	727	1
1009	792	1
1009	80	1
1009	86	1
1009	960	1
1009	988	1
101	1	1
101	104	1
101	105	1
101	1144	1
101	985	1
1011	127	1
1011	1709	1
1011	1710	1
1011	284	1
1011	290	0
1011	30	1
1011	36	0
1011	385	1
1012	1123	1
1012	127	1
1012	172	1
1012	203	1
1012	328	1
1012	36	1
1012	391	1
1012	411	1
1012	54	1
1012	577	1
1012	77	1
1012	839	1
1012	883	1
1013	1115	1
1014	148	1
1014	36	1
1014	422	1
1014	838	1
1014	86	1
1015	1009	1
1015	1025	1
1015	1028	1
1015	1051	1
1015	1106	1
1015	1115	1
1015	1220	1
1015	1221	1
1015	1222	1
1015	130	1
1015	172	1
1015	181	1
1015	182	1
1015	206	1
1015	226	1
1015	284	1
1015	313	1
1015	446	1
1015	467	1
1015	614	1
1015	684	1
1015	705	1
1015	805	1
1015	847	1
1015	99	1
1015	995	1
1016	1783	1
1016	196	1
1016	20	1
1016	590	1
1017	278	1
1017	754	1
1018	127	1
1018	195	1
1018	330	1
1018	515	1
1019	42	1
102	101	1
102	104	1
102	1739	1
102	28	1
102	3	1
102	405	1
102	69	1
102	84	1
102	985	1
1020	974	1
1021	181	1
1022	165	1
1023	1043	1
1023	1056	1
1023	1116	1
1023	1155	0
1023	127	1
1023	341	1
1023	42	1
1023	839	1
1023	947	1
1025	1397	1
1026	132	1
1028	1015	1
1028	1034	1
1028	1044	1
1028	1049	1
1028	1050	1
1028	1051	1
1028	1052	1
1028	109	1
1028	182	1
1028	206	1
1028	212	1
1028	235	1
1028	328	1
1028	384	1
1028	40	1
1028	404	1
1028	460	1
1028	463	1
1028	504	1
1028	516	1
1028	571	1
1028	612	1
1028	615	1
1028	623	1
1028	736	1
1028	785	1
1028	794	1
1029	1060	1
1029	107	1
1029	109	1
1029	1097	1
1029	1106	1
1029	1126	1
1029	1141	1
1029	1143	1
1029	1199	1
1029	127	1
1029	1286	1
1029	14	1
1029	1421	1
1029	1538	1
1029	1613	1
1029	194	1
1029	201	1
1029	203	1
1029	272	1
1029	284	1
1029	292	1
1029	30	1
1029	36	1
1029	369	1
1029	396	1
1029	532	1
1029	653	1
1029	655	1
1029	676	1
1029	754	1
1029	758	1
1029	774	1
1029	863	1
1029	929	1
1029	935	1
1029	949	1
1029	957	1
103	181	1
1032	738	1
1033	121	1
1035	49	1
1035	606	1
1037	119	1
1037	138	1
1037	792	1
1037	957	1
1038	520	1
1039	943	1
104	101	1
104	102	1
104	127	1
104	1825	1
104	216	1
104	219	1
104	242	1
104	25	1
104	28	1
104	29	1
104	327	1
104	334	1
104	354	1
104	362	1
104	405	1
104	568	1
104	658	1
104	685	1
104	69	1
104	694	1
104	765	1
104	83	1
104	963	1
104	98	1
1040	1041	1
1041	1434	1
1041	1455	1
1041	1525	1
1041	1526	1
1041	194	1
1041	265	1
1041	272	1
1041	292	1
1041	371	1
1041	450	1
1041	471	1
1041	579	1
1041	852	1
1042	120	1
1042	40	1
1043	1023	1
1043	1116	1
1044	1028	1
1044	107	1
1044	198	1
1044	251	1
1044	516	1
1045	419	1
1046	746	1
1048	72	1
1051	1015	1
1051	1025	1
1051	1028	1
1051	1220	1
1051	136	1
1051	190	1
1051	194	1
1051	25	1
1051	30	1
1051	405	1
1051	422	1
1051	749	1
1051	99	1
1052	1028	1
1053	1115	1
1054	100	1
1054	107	1
1054	1073	1
1054	1148	1
1054	117	1
1054	1177	1
1054	1199	1
1054	127	1
1054	1324	1
1054	1325	1
1054	1381	1
1054	162	1
1054	183	1
1054	253	1
1054	270	1
1054	272	1
1054	30	1
1054	330	1
1054	335	1
1054	355	1
1054	36	1
1054	472	1
1054	515	1
1054	631	1
1054	750	1
1054	756	1
1054	757	1
1054	769	1
1054	916	1
1054	929	1
1055	49	1
1057	150	1
1057	46	1
1057	492	1
1058	127	1
1059	515	1
1060	1101	1
1060	1269	1
1060	127	1
1060	172	1
1060	410	1
1060	707	1
1060	906	1
1060	985	0
1061	100	1
1061	1515	1
1061	1542	1
1061	266	1
1062	1153	1
1062	181	1
1062	282	1
1062	522	0
1062	86	1
1063	127	1
1063	239	1
1063	847	1
1064	30	1
1065	237	1
1066	101	1
1066	624	0
1067	280	1
1067	669	1
1069	127	1
107	1210	1
107	127	1
107	1286	1
107	1706	1
107	172	1
107	18	1
107	194	1
107	284	1
107	297	1
107	51	1
107	584	1
107	7	1
107	723	1
107	750	1
107	758	1
1070	127	1
1071	647	1
1072	388	1
1073	1108	1
1073	117	1
1073	127	1
1073	17	1
1073	172	1
1073	194	1
1073	198	1
1073	2	1
1073	284	1
1073	290	1
1073	313	1
1073	492	1
1073	716	1
1073	785	1
1073	8	1
1073	844	1
1073	971	1
1074	850	1
1075	486	1
1076	1634	1
1076	20	1
1076	542	1
1077	20	1
1078	235	1
1079	875	1
108	25	1
108	28	1
1080	241	1
1080	253	1
1081	959	1
1082	226	1
1084	125	1
1084	242	1
1084	568	1
1085	162	1
1085	206	1
1085	269	1
1085	313	1
1085	36	1
1085	436	1
1085	481	1
1085	506	1
1085	525	1
1085	526	1
1085	789	1
1085	839	1
1086	109	1
1086	127	1
1086	53	1
1087	1088	1
1088	1199	1
1088	127	1
1089	615	1
1089	883	1
109	1	1
109	107	1
109	117	1
109	1199	1
109	121	1
109	122	1
109	125	1
109	127	1
109	128	1
109	135	1
109	144	1
109	150	1
109	17	1
109	170	1
109	1730	1
109	18	1
109	194	1
109	2	1
109	253	1
109	266	1
109	272	1
109	280	1
109	284	1
109	300	1
109	33	1
109	334	1
109	352	1
109	365	1
109	366	1
109	370	1
109	398	1
109	42	1
109	446	1
109	447	1
109	448	1
109	468	1
109	49	1
109	667	1
109	669	1
109	689	1
109	695	1
109	72	1
109	80	1
109	818	1
109	83	1
109	831	1
109	84	1
109	86	1
109	87	1
109	883	1
109	9	1
1090	1186	1
1090	1355	1
1090	274	1
1090	494	1
1090	525	1
1090	992	1
1091	378	1
1092	1093	1
1092	172	1
1092	251	1
1092	405	1
1092	677	1
1092	77	1
1093	1448	1
1093	1519	1
1094	265	1
1095	265	1
1095	30	1
1095	465	1
1096	1060	1
1096	1097	1
1096	1098	1
1096	1099	1
1096	1103	1
1096	1607	1
1096	410	1
1096	649	1
1096	686	1
1096	707	1
1096	746	1
1096	834	1
1096	854	1
1096	905	1
1096	906	1
1097	1060	1
1097	1096	1
1097	649	1
1097	686	1
1097	854	1
1097	905	1
1098	1060	1
1098	1096	1
1098	1099	1
1098	1100	1
1098	1103	1
1098	649	1
1098	686	1
1098	707	1
1098	834	1
1098	854	1
1098	905	1
1099	1096	1
1099	1097	1
1099	1098	1
1099	1100	1
1099	1103	1
1099	482	1
1099	649	1
1099	686	1
1099	707	1
1099	834	1
1099	854	1
1099	905	1
11	20	1
110	196	1
110	71	1
1100	1545	1
1100	1546	1
1100	410	1
1100	686	1
1100	707	1
1102	1101	1
1102	1556	1
1102	1637	1
1102	172	1
1102	446	1
1103	1060	1
1103	1096	1
1103	1097	1
1103	1098	1
1103	1099	1
1103	1100	1
1103	121	1
1103	1269	1
1103	127	1
1103	1501	1
1103	172	1
1103	194	1
1103	291	1
1103	297	1
1103	410	1
1103	482	1
1103	514	1
1103	649	1
1103	686	1
1103	707	1
1103	834	1
1103	854	1
1103	863	1
1103	905	1
1103	906	1
1104	202	1
1104	446	1
1105	6	1
1106	1115	1
1106	1135	0
1106	233	1
1106	995	1
1107	380	1
1108	1073	1
1108	25	1
1108	530	1
1108	68	1
111	194	1
1110	1168	1
1110	1202	1
1110	1523	1
1110	467	1
1110	573	1
1111	468	1
1112	775	1
1113	1555	1
1113	194	1
1114	195	1
1115	1376	1
1115	1548	1
1115	1558	1
1115	1595	1
1115	233	1
1115	462	1
1116	1116	0
1117	117	1
1118	431	1
1119	72	1
112	101	1
112	126	1
112	127	1
112	220	1
112	237	1
112	290	1
112	331	1
112	355	1
112	388	1
112	528	1
112	539	1
112	609	1
112	630	1
112	663	1
112	665	1
112	717	1
112	737	1
112	739	1
112	787	1
112	824	1
112	92	1
112	96	1
1120	418	1
1121	127	1
1123	1012	1
1124	194	0
1124	25	1
1124	428	1
1124	904	1
1125	93	1
1126	1495	1
1126	1634	1
1126	20	1
1126	224	1
1126	36	1
1126	86	1
1129	122	1
1130	155	1
1131	677	1
1132	1186	0
1132	868	1
1133	187	1
1134	1776	1
1134	301	1
1134	985	1
1135	1	1
1135	107	1
1135	1106	1
1135	1126	1
1135	117	1
1135	1205	1
1135	1310	1
1135	136	1
1135	14	1
1135	1422	1
1135	1463	1
1135	1538	1
1135	1539	1
1135	1540	1
1135	174	1
1135	190	1
1135	253	1
1135	272	1
1135	290	1
1135	297	1
1135	514	1
1135	619	1
1135	651	1
1135	749	1
1135	75	1
1135	750	1
1135	786	1
1135	815	1
1135	819	1
1135	830	1
1135	849	1
1135	884	1
1135	886	1
1136	1403	1
1136	290	1
1136	364	1
1137	107	1
1137	1268	1
1137	1291	1
1137	15	1
1137	181	1
1137	302	1
1137	36	1
1137	415	1
1137	47	1
1138	127	1
1138	468	1
114	1199	1
114	127	1
114	272	1
114	483	1
1140	1323	1
1141	1029	1
1141	1143	1
1141	127	1
1141	1506	1
1141	30	1
1141	653	1
1141	929	1
1142	1178	1
1144	101	1
1144	25	1
1144	821	1
1144	98	1
1145	93	1
1146	143	1
1146	1634	1
1146	180	1
1146	1842	1
1146	287	1
1146	30	1
1146	352	1
1146	54	1
1146	590	1
1146	721	1
1146	8	1
1146	90	1
1147	673	0
1148	190	1
1148	619	1
1149	486	1
115	412	1
1150	127	1
1150	1572	1
1150	194	1
1150	272	1
1151	158	1
1151	355	1
1151	894	1
1152	197	1
1153	1062	1
1154	1024	1
1154	428	1
1154	582	1
1155	1023	1
1156	1168	1
1156	182	1
1156	25	0
1156	573	1
1156	633	1
1156	985	0
116	1	1
116	1325	1
116	221	1
116	222	1
116	241	1
116	30	1
116	336	1
116	40	1
116	829	1
116	838	1
1160	1154	1
1160	265	1
1160	291	1
1160	30	1
1160	633	1
1160	688	0
1160	853	1
1160	985	0
1161	98	1
1162	135	1
1163	522	1
1164	412	1
1165	127	0
1165	1536	1
1165	239	1
1165	30	1
1165	651	1
1165	785	0
1165	830	1
1166	190	1
1167	20	1
1167	237	1
1167	241	1
1167	981	1
1168	573	1
1169	127	1
1169	272	1
117	109	1
117	1165	0
117	127	1
117	1468	1
117	197	1
117	264	1
117	266	1
117	284	1
117	29	1
117	302	1
117	375	0
117	388	1
117	51	1
117	643	1
117	75	1
117	80	1
117	861	1
1170	127	1
1170	272	1
1171	1767	1
1172	125	1
1172	13	1
1172	1772	1
1172	1776	1
1172	20	1
1172	310	1
1172	577	1
1172	59	1
1172	78	1
1172	87	1
1173	2	1
1175	1634	1
1175	172	1
1175	173	1
1175	206	1
1175	238	1
1175	243	1
1175	254	1
1175	398	0
1175	410	1
1175	719	1
1175	80	1
1175	83	0
1176	839	1
1176	994	1
1177	465	1
1178	1142	1
1178	1154	1
1178	655	1
1179	127	1
118	1	1
118	117	1
118	119	1
118	126	1
118	1450	1
118	170	1
118	191	1
118	20	1
118	202	1
118	226	1
118	240	1
118	29	1
118	304	1
118	310	1
118	313	1
118	334	1
118	375	1
118	38	1
118	425	1
118	463	1
118	47	1
118	481	1
118	514	1
118	86	1
118	883	1
118	92	1
118	93	1
118	98	1
1180	86	1
1181	173	1
1181	297	1
1182	127	1
1182	68	1
1183	522	1
1184	117	1
1186	1090	1
1186	1132	1
1186	1185	1
1186	1337	1
1186	1354	1
1186	1355	1
1186	148	1
1186	287	1
1186	291	1
1186	415	1
1186	481	1
1186	483	1
1186	494	1
1186	525	1
1186	647	1
1186	771	1
1188	100	1
1189	72	1
1189	838	1
119	127	1
119	14	1
119	1529	1
119	258	1
119	388	1
119	4	1
119	890	1
119	979	1
1190	1564	1
1190	1599	1
1191	197	1
1192	220	1
1193	127	1
1193	75	1
1194	1	1
1195	452	1
1196	698	1
1197	453	1
1198	1221	1
1198	1517	1
1198	519	1
1198	853	1
1198	863	1
1198	942	1
12	20	1
120	186	1
120	20	1
120	253	1
120	275	1
120	287	1
120	297	1
120	36	1
120	40	1
120	405	0
120	415	0
120	460	0
120	485	1
120	512	1
120	529	0
120	58	0
120	654	0
120	77	1
120	938	1
120	952	0
1201	1137	1
1202	1128	1
1203	853	1
1203	855	1
1204	181	1
1204	411	1
1204	468	1
1207	1688	1
1208	1140	1
1208	1199	1
1208	1323	1
1208	1352	1
1208	1482	1
1208	194	1
1208	222	1
1208	266	1
1208	270	1
1208	272	1
1208	284	1
1208	336	1
1208	587	1
1208	653	1
1208	746	1
1208	75	1
1208	77	1
1208	80	1
1208	834	1
1208	85	1
1208	86	1
1208	866	1
1208	960	1
1209	1302	1
1209	1307	1
1209	444	1
1209	507	1
1209	773	1
121	109	1
121	1372	0
1210	107	1
1210	181	1
1210	20	1
1211	20	1
1212	1186	1
1213	1000	1
1214	100	1
1214	1199	1
1214	127	1
1214	467	1
1214	51	1
1214	929	1
1215	155	1
1215	199	1
1215	293	1
1215	764	1
1216	107	1
1216	750	1
1217	34	1
1218	173	1
1218	1917	1
1218	20	1
1218	87	1
1219	127	1
1219	563	1
122	105	0
122	109	1
122	1165	0
122	122	1
122	153	1
122	20	1
122	219	0
122	576	1
122	594	1
122	7	1
122	985	0
1220	290	1
1221	1015	1
1221	109	1
1221	1198	1
1221	1199	1
1221	173	1
1221	178	1
1221	388	1
1221	410	1
1221	655	1
1221	83	1
1221	86	1
1223	127	1
1223	272	1
1223	863	1
1224	1225	1
1225	107	1
1225	1224	1
1225	1226	1
1225	272	0
1226	554	1
1227	93	1
1227	976	1
1229	1646	1
123	33	1
1230	127	1
1231	127	1
1231	200	1
1232	175	1
1235	178	1
1236	136	1
1237	1002	1
1237	1097	1
1237	1157	1
1237	121	1
1237	1262	1
1237	127	1
1237	1276	1
1237	1302	1
1237	1304	1
1237	1339	1
1237	1341	1
1237	1342	1
1237	1347	1
1237	1565	1
1237	1578	1
1237	1649	1
1237	173	1
1237	200	1
1237	201	1
1237	203	1
1237	272	1
1237	30	1
1237	441	1
1237	444	1
1237	492	1
1237	507	1
1237	51	1
1237	655	1
1237	758	1
1237	774	1
1237	852	1
1237	863	1
1237	865	1
1237	872	1
1237	873	1
1237	884	1
1237	906	1
1237	929	1
1237	982	1
1237	99	1
1238	1199	1
1239	302	1
124	170	1
124	171	1
124	173	1
124	637	1
124	72	1
1241	287	1
1242	127	1
1243	101	1
1243	290	1
1243	33	1
1244	1245	1
1246	135	1
1247	1245	1
1248	17	1
1248	170	1
1248	172	1
1248	226	1
1248	27	1
1248	370	1
1248	485	1
1248	695	1
1249	1441	1
125	1084	1
125	109	1
125	1172	1
125	128	1
125	134	1
125	143	1
125	151	1
125	155	1
125	157	1
125	169	1
125	170	1
125	172	1
125	1743	1
125	183	1
125	197	1
125	207	1
125	208	1
125	21	1
125	210	1
125	22	1
125	238	1
125	243	1
125	264	1
125	27	1
125	28	1
125	280	1
125	29	1
125	313	1
125	324	1
125	339	1
125	362	0
125	38	1
125	404	1
125	418	1
125	431	1
125	434	1
125	512	1
125	563	1
125	59	1
125	606	1
125	63	1
125	73	1
125	83	1
125	84	1
125	85	1
125	868	1
125	90	1
1252	127	1
1252	198	1
1252	673	1
1253	181	1
1254	463	1
1256	1122	0
1256	127	1
1257	202	1
1257	750	1
1258	173	1
1259	127	1
1259	144	1
1259	1634	1
126	738	0
1260	127	1
1260	36	1
1261	1246	1
1262	1157	1
1262	1275	1
1262	1276	1
1262	1280	1
1262	1282	1
1262	1302	1
1262	1341	1
1262	445	1
1262	773	1
1263	1061	1
1264	132	1
1265	120	1
1266	127	1
1267	22	1
1267	951	1
1269	1060	1
1269	109	1
1269	1096	1
1269	1103	1
1269	520	1
127	1069	0
127	107	1
127	1070	0
127	109	1
127	1121	0
127	117	1
127	1179	0
127	284	1
127	287	1
127	33	1
127	34	1
127	36	1
127	415	1
127	428	1
127	7	1
127	84	1
1270	40	1
1271	297	1
1272	287	1
1272	856	1
1273	297	1
1274	179	1
1275	1302	1
1275	194	1
1275	773	1
1276	1157	1
1276	1200	1
1276	1209	1
1276	1233	1
1276	1262	1
1276	1275	1
1276	1277	1
1276	1279	1
1276	1280	1
1276	1282	1
1276	1302	1
1276	1341	1
1276	1342	1
1276	440	1
1276	444	1
1276	445	1
1276	507	1
1276	773	1
1276	872	1
1278	253	1
128	14	1
128	169	1
128	173	1
128	197	1
128	254	1
128	307	1
128	362	1
128	72	1
128	83	1
1280	1	1
1280	117	1
1280	1262	1
1280	172	1
1280	18	1
1280	226	1
1280	290	1
1280	36	1
1280	839	1
1281	1317	1
1281	826	1
1282	1209	1
1282	1237	1
1282	1262	1
1282	1276	1
1282	1302	1
1282	1340	1
1282	1366	1
1282	1377	1
1282	440	1
1282	441	1
1282	442	1
1282	444	1
1282	456	1
1282	873	1
1284	28	1
1284	291	1
1284	688	1
1286	276	1
1286	380	1
1286	478	1
129	153	1
129	1634	1
129	1718	1
129	1878	1
129	1889	1
129	203	1
129	212	1
129	254	1
129	29	1
129	575	1
129	579	1
129	7	1
129	85	1
129	98	1
1290	109	1
1290	36	1
1291	100	1
1292	492	1
1294	290	1
1295	197	1
1295	505	1
1296	516	1
1296	79	1
1297	1655	1
1297	20	1
1297	258	1
1297	38	1
1297	681	1
1297	87	1
1298	1731	1
1298	263	1
1298	267	1
1298	280	1
1298	29	1
1298	295	1
1298	577	1
1298	72	1
1298	8	1
13	144	1
13	1734	1
13	196	1
13	197	1
13	370	1
13	58	1
13	90	1
13	93	1
130	120	1
130	123	1
130	127	1
130	150	1
130	170	1
130	194	1
130	232	1
130	29	1
130	290	1
130	295	1
130	302	1
130	334	1
130	36	1
130	624	1
130	685	1
130	85	1
1300	143	1
1300	1655	1
1300	1734	1
1300	224	1
1300	243	1
1300	253	1
1300	39	1
1300	707	1
1300	80	1
1301	226	1
1302	1209	1
1302	1237	1
1302	1262	1
1302	1275	1
1302	1276	1
1302	1279	1
1302	1282	1
1302	1339	1
1302	1340	1
1302	1342	1
1302	1346	1
1302	1347	1
1302	1361	1
1302	1367	1
1302	1368	1
1302	1369	1
1302	1377	1
1302	1378	1
1302	440	1
1302	441	1
1302	442	1
1302	444	1
1302	454	1
1302	456	1
1302	507	1
1302	773	1
1302	865	1
1302	872	1
1302	873	1
1303	1285	1
1304	1293	1
1304	194	1
1306	197	1
1307	1209	1
1307	1276	1
1307	441	1
1307	444	1
1307	507	1
1307	773	1
1308	1199	1
1309	109	1
131	132	1
1310	1135	1
1310	1177	1
1310	1316	1
1310	1491	1
1310	571	1
1310	786	1
1311	15	1
1312	1	1
1312	127	1
1312	1504	1
1312	1619	1
1312	297	1
1312	792	1
1313	1147	1
1313	238	1
1315	241	1
1316	1135	1
1316	1310	1
1316	1406	1
1316	1489	1
1316	1511	1
1316	291	1
1316	297	1
1317	1199	1
1317	1281	1
1318	127	1
1318	1367	1
1318	1369	1
1318	1563	1
1318	272	1
1318	401	1
1318	441	1
1318	445	1
1318	467	1
1318	51	1
1318	758	1
1318	863	1
1318	929	1
1319	1200	1
1319	1275	1
1319	1277	1
1319	773	1
132	130	1
132	134	1
132	265	0
132	294	0
132	330	1
132	36	1
132	40	1
132	470	1
132	486	1
132	50	0
132	775	1
132	890	0
132	985	0
1321	107	1
1321	330	1
1322	127	1
1322	15	1
1323	1140	1
1323	127	1
1323	587	1
1323	85	1
1324	265	1
1327	178	1
1327	297	1
1327	468	1
1327	992	1
1328	121	1
1328	194	1
133	136	1
1330	122	1
1330	172	1
1330	177	1
1330	20	1
1330	412	1
1330	49	1
1330	678	1
1330	681	1
1330	86	1
1331	509	1
1332	20	1
1332	202	1
1332	211	1
1332	715	1
1332	8	1
1332	80	1
1333	1882	1
1333	8	1
1334	38	1
1335	132	1
1336	1229	1
1336	929	1
1337	1186	1
1337	162	1
1337	839	1
1338	1231	1
1338	612	1
1338	625	1
1338	851	1
134	1635	1
134	1789	1
134	20	1
134	579	1
134	86	1
134	932	1
1343	1209	1
1344	132	1
1345	172	1
1345	287	1
1345	388	1
1345	514	1
1345	698	1
1348	1349	1
1348	185	1
135	1	1
1350	302	1
1351	1302	1
1351	1369	1
1351	1378	1
1351	1449	1
1351	440	1
1351	441	1
1351	442	1
1351	443	1
1351	444	1
1351	455	1
1351	865	1
1352	127	1
1352	1320	1
1353	127	1
1353	655	1
1354	1199	1
1354	355	1
1354	68	1
1356	127	1
1357	884	1
1358	1100	1
1358	410	1
136	172	1
136	242	1
136	312	1
136	315	1
136	362	1
136	365	1
136	94	1
1362	109	1
1362	1199	1
1362	127	1
1362	1495	1
1362	1501	1
1362	1569	1
1362	194	1
1362	290	1
1362	441	1
1363	334	1
1364	117	1
1364	127	1
1364	265	1
1365	1060	1
1365	194	1
1369	1282	1
1369	1318	1
1369	1366	1
1369	1367	1
1369	1495	1
1369	441	1
1369	442	1
1369	444	1
1369	456	1
1369	507	1
1369	865	1
1369	873	1
137	143	1
137	206	1
137	209	1
137	254	1
137	307	1
137	33	1
137	494	1
137	577	1
137	69	1
1370	179	1
1371	127	1
1372	127	1
1372	226	1
1372	266	1
1372	284	1
1372	485	1
1372	712	1
1372	929	1
1373	109	1
1374	1339	1
1374	441	1
1374	442	1
1374	456	1
1374	507	1
1375	499	1
1376	233	1
1376	450	1
1378	127	1
1379	664	1
138	109	1
138	1127	1
138	119	1
138	162	1
138	205	1
138	206	1
138	4	1
138	492	1
138	587	1
138	68	1
138	698	1
138	905	1
138	957	1
1380	1251	1
1380	334	1
1382	174	1
1383	482	1
1384	1187	1
1386	1704	1
1389	1199	1
139	143	1
139	169	1
139	181	1
139	208	1
139	221	1
139	33	1
139	359	1
139	528	1
139	600	1
139	625	1
1390	755	1
1390	86	1
1392	520	1
1393	297	1
1394	1620	1
1394	822	1
1394	93	1
1395	194	1
1396	1199	1
1398	786	1
1399	127	1
1399	1538	1
1399	1701	1
1399	190	1
1399	830	1
1399	863	1
14	101	0
14	105	0
14	132	1
14	1587	1
14	172	0
14	284	1
14	29	1
14	297	0
14	302	1
14	362	0
14	415	1
14	49	1
14	80	1
14	840	0
140	406	1
140	68	1
140	843	0
140	93	1
1400	183	1
1401	1402	1
1402	1634	1
1402	173	1
1402	224	1
1402	33	1
1402	566	0
1402	678	1
1402	680	1
1402	719	1
1402	75	1
1404	1199	1
1405	127	1
1407	127	1
1407	290	1
1407	667	1
1408	1213	1
1408	1451	1
1408	1522	1
1408	512	1
1409	109	1
1409	172	1
141	190	1
1410	194	1
1411	1165	0
1411	122	1
1411	127	1
1411	58	0
1411	985	0
1412	1029	1
1412	1096	1
1412	1097	1
1412	1106	1
1412	1126	1
1412	1128	1
1412	1140	1
1412	1143	1
1412	1237	1
1412	127	1
1412	1534	1
1412	1578	1
1412	1616	1
1412	1617	1
1412	194	1
1412	201	1
1412	222	1
1412	272	1
1412	284	1
1412	291	1
1412	30	1
1412	388	1
1412	434	1
1412	492	1
1412	51	1
1412	520	1
1412	653	1
1412	657	1
1412	727	1
1412	758	1
1412	803	1
1412	86	1
1412	863	1
1412	929	1
1412	949	1
1412	99	1
1414	173	1
1415	130	1
1416	190	1
1417	433	1
1419	1405	1
142	143	1
1420	297	1
1420	504	1
1420	514	1
1420	698	1
1420	727	1
1420	792	1
1421	675	1
1421	676	1
1423	127	1
1424	516	1
1425	1855	1
1425	33	1
1425	46	1
1426	105	0
1426	1469	0
1426	1470	0
1426	1471	0
1426	172	0
1426	20	1
1426	283	0
1426	310	0
1426	575	1
1426	577	1
1426	579	1
1426	8	1
1426	83	1
1426	930	1
1426	932	1
1427	492	1
1428	352	1
143	1065	1
143	109	1
143	125	1
143	127	1
143	128	1
143	1300	1
143	137	1
143	139	1
143	142	1
143	144	1
143	148	1
143	16	1
143	169	1
143	170	1
143	172	1
143	1734	1
143	1804	1
143	1808	1
143	1810	1
143	1866	1
143	1868	1
143	2	1
143	20	1
143	204	1
143	205	1
143	206	1
143	207	1
143	208	1
143	209	1
143	210	1
143	211	1
143	218	1
143	235	1
143	244	1
143	254	1
143	266	1
143	267	1
143	269	1
143	295	1
143	300	1
143	307	1
143	33	1
143	35	1
143	39	1
143	394	1
143	470	1
143	48	1
143	49	1
143	494	1
143	536	1
143	54	1
143	575	1
143	577	1
143	614	1
143	626	1
143	67	1
143	678	1
143	68	1
143	69	1
143	721	1
143	80	1
143	86	1
143	87	1
1430	1429	1
1431	467	1
1432	1433	1
1436	334	1
1437	1438	1
1438	117	1
1438	135	1
1438	1639	1
144	109	1
144	125	1
144	1259	1
144	126	1
144	13	1
144	143	1
144	150	1
144	20	1
144	271	1
144	307	1
144	319	1
144	345	1
144	38	1
144	409	1
144	54	1
144	69	1
144	78	1
144	8	1
144	83	1
144	84	1
144	98	1
1441	905	1
1442	109	1
1442	655	1
1443	15	1
1443	194	1
1443	891	1
1444	1443	1
1444	15	1
1444	891	1
1445	14	1
1445	348	1
1445	727	1
1445	792	1
1446	180	1
1446	184	1
1446	185	1
1446	929	1
1447	117	1
1448	1093	1
1448	272	1
1449	442	1
1451	1408	1
1452	1325	1
1453	1551	1
1454	370	1
1455	1041	1
1457	838	1
1458	458	1
1459	1310	1
146	321	1
146	85	1
1460	1	1
1460	1106	1
1460	1115	1
1460	1376	1
1460	222	1
1460	233	1
1460	480	1
1460	727	1
1464	258	1
1464	651	1
1465	226	1
1466	127	1
1466	1314	1
1466	1433	1
1467	127	1
1468	117	1
1469	1470	0
1469	1634	1
1469	1878	1
1469	582	1
147	20	1
147	391	1
147	44	1
147	48	1
147	62	1
147	64	1
147	79	1
147	80	1
147	81	1
147	82	1
147	83	1
147	84	1
147	85	1
147	86	1
1470	1469	1
1471	1471	1
1471	1634	1
1471	239	1
1471	28	1
1471	441	1
1471	71	1
1472	1420	1
1472	297	1
1472	727	1
1472	792	1
1472	981	1
1473	272	1
1473	51	1
1474	1475	1
1477	863	1
1478	15	1
1478	194	1
1478	99	1
148	230	1
148	284	1
1480	183	1
1481	150	1
1482	960	1
1483	434	1
1484	599	1
1484	752	1
1485	222	1
1485	698	1
1486	452	1
1487	158	1
1488	746	1
1489	1316	1
149	25	1
149	53	1
1492	287	1
1493	119	1
1495	1369	1
1495	1501	1
1495	1524	1
1495	442	1
1496	750	1
1497	155	1
1497	272	1
1497	774	1
1499	1376	1
15	1240	1
15	1322	1
15	1357	1
15	1433	1
15	1443	1
15	1444	1
15	1475	1
15	1536	1
15	1645	1
15	1662	1
15	1675	1
15	1676	1
15	1678	1
15	1679	1
15	1680	1
15	1684	1
15	1689	1
15	1690	1
15	1691	1
15	1692	1
15	1693	1
15	1694	1
15	1695	1
15	1696	1
15	203	1
15	212	1
15	392	1
15	72	1
15	761	1
15	838	1
15	891	1
15	935	1
150	1036	1
150	118	1
150	165	1
150	177	1
150	20	1
150	253	1
150	358	1
150	362	0
150	38	1
150	389	0
150	412	1
150	418	0
150	46	1
150	49	1
150	568	1
150	579	1
150	585	1
150	637	0
150	767	0
150	852	1
150	864	1
150	87	1
1500	291	1
1500	656	1
1501	290	0
1502	927	1
1503	1325	1
1503	14	1
1503	1436	1
1503	1504	1
1503	226	1
1503	297	1
1503	514	1
1503	577	1
1504	514	1
1505	1514	1
1505	265	1
1505	476	1
1505	543	1
1505	587	1
1506	1141	1
1506	653	1
151	125	1
151	20	1
151	85	1
1510	127	1
1511	746	1
1512	1	1
1513	272	1
1515	1061	1
1516	20	1
1518	482	1
152	144	1
152	160	1
152	309	1
152	380	1
1521	204	1
1523	1202	1
1524	441	1
1526	655	0
1528	132	1
1528	27	1
1529	483	1
153	122	1
153	129	1
153	1634	1
153	1816	1
153	1878	1
153	1939	1
153	20	1
153	212	1
153	310	1
153	316	1
153	398	1
153	40	1
153	506	1
153	575	1
153	579	1
153	594	1
153	65	1
153	732	1
153	8	1
153	811	1
153	930	1
1532	434	1
1534	127	1
1534	195	1
1535	1275	1
1537	375	1
1538	127	1
1538	1399	1
1538	1430	1
1538	201	1
1539	1	1
1539	253	1
154	71	1
1541	838	1
1544	1128	1
1545	410	1
1546	1100	1
1546	1545	1
1546	410	1
1547	380	1
1548	222	1
1548	233	1
1548	93	1
1549	388	1
155	172	1
155	20	1
155	212	1
155	290	0
155	398	1
155	499	0
155	51	1
155	575	1
155	58	1
155	625	1
155	706	1
1550	852	1
1551	1453	1
1552	179	1
1553	918	1
1555	127	1
1555	51	1
1557	127	1
1559	369	1
156	409	1
156	458	1
156	606	1
1560	274	1
1561	465	1
1562	127	1
1563	272	1
1564	1190	1
1564	1599	1
1564	194	1
1565	1002	1
1565	127	1
1565	1440	1
1565	172	1
1565	515	1
1566	127	1
1567	127	1
1568	190	1
1568	619	1
157	125	1
1570	127	1
1571	127	1
1571	203	1
1572	1150	1
1572	127	1
1573	127	1
1574	127	1
1575	127	1
1575	272	1
1578	1126	1
1579	821	1
158	1008	0
158	1151	1
1580	1101	1
1581	878	1
1582	194	1
1583	127	1
1583	1283	1
1583	272	1
1583	292	1
1583	755	1
1584	1141	1
1584	653	1
1585	104	1
1586	1587	1
1587	1586	1
1590	274	1
1591	226	1
1592	970	1
1593	100	1
1594	370	1
1597	109	1
1597	1199	1
1597	127	1
1597	194	1
1598	388	1
1599	1190	1
1599	1564	1
16	117	1
16	143	1
16	1665	1
16	238	1
16	419	1
16	494	1
16	970	1
160	152	1
160	47	1
160	86	1
1603	1199	1
1605	239	1
1606	290	1
1606	467	1
1607	1096	1
1607	834	1
1607	854	1
1607	906	1
161	952	0
1610	155	1
1610	293	1
1612	179	1
1616	1	1
1617	14	1
1617	222	1
1617	755	1
1617	863	1
1618	412	1
1618	698	1
162	291	1
162	78	1
162	979	1
162	995	1
1621	155	1
1622	1024	1
1622	121	1
1622	1538	1
1622	200	1
1622	99	1
1624	779	1
1627	109	1
1628	107	1
1628	520	1
163	164	1
1630	388	1
1630	750	1
1631	127	1
1632	633	1
1632	657	1
1634	129	1
1634	1634	1
1634	1755	0
1634	1792	0
1634	1820	1
1634	1878	1
1634	1905	1
1634	1915	1
1634	1962	1
1634	20	1
1634	28	1
1634	380	1
1634	582	1
1634	72	1
1634	8	1
1634	85	1
1634	87	0
1635	134	1
1635	1899	1
1635	1939	1
1635	1943	1
1635	1983	1
1635	2	1
1635	20	1
1635	579	1
1635	592	1
1635	7	1
1635	716	1
1636	1636	1
1636	1735	1
1636	577	1
1640	18	1
1641	1	1
1642	1024	1
1643	1644	1
1646	1229	1
1647	1199	1
1648	36	1
165	100	1
165	1022	1
165	150	1
1650	1289	1
1651	1110	1
1651	573	1
1652	190	1
1654	1274	1
1655	1297	1
1655	1300	1
1655	1634	1
1655	170	1
1655	180	1
1655	20	1
1655	236	1
1655	24	1
1655	494	1
1655	689	1
1656	341	1
1657	1767	1
1658	20	1
1659	1024	1
166	172	1
1660	441	0
1660	98	1
1663	1063	1
1664	173	1
1665	117	1
1665	12	1
1665	14	1
1665	143	1
1665	148	1
1665	155	1
1665	1751	1
1665	1763	1
1665	178	1
1665	182	1
1665	218	1
1665	238	1
1665	240	1
1665	243	1
1665	246	1
1665	253	1
1665	286	1
1665	307	1
1665	352	1
1665	366	1
1665	404	1
1665	405	1
1665	42	1
1665	49	1
1665	501	1
1665	530	1
1665	565	1
1665	606	1
1665	7	1
1665	79	1
1665	9	1
1666	253	1
1666	398	1
1666	49	1
1667	71	1
1668	1542	1
1669	754	1
167	169	1
167	19	1
1670	492	1
1671	119	1
1672	194	1
1674	290	1
1674	710	1
1674	750	1
1675	15	1
1677	214	1
1678	15	1
168	135	1
168	150	1
168	86	1
1681	272	1
1681	886	1
1683	194	1
1684	15	1
1685	127	1
1686	1323	1
1688	699	1
169	109	1
169	128	1
169	143	1
169	170	1
169	172	1
169	20	1
169	212	1
169	280	1
169	288	0
169	29	1
169	31	0
169	326	1
169	398	1
169	441	1
169	49	1
169	575	1
169	7	1
169	720	1
169	811	1
169	83	1
169	92	1
169	98	1
1697	109	1
1697	448	1
1698	1199	1
1698	276	1
1699	194	1
17	8	1
170	169	1
170	180	1
170	242	1
170	280	1
170	284	1
170	29	1
170	425	1
170	428	0
170	563	1
170	575	1
170	577	1
170	71	1
170	83	1
170	86	1
1700	126	1
1700	127	1
1700	170	1
1700	180	1
1700	238	1
1700	246	1
1700	264	1
1700	280	1
1700	33	1
1700	551	1
1700	69	1
1700	84	1
1700	87	1
1702	276	1
1704	1386	1
1704	1707	1
1705	194	1
1706	107	1
1706	194	1
1708	334	1
171	124	1
171	344	1
171	59	1
171	835	1
1712	190	1
1713	127	1
1714	520	1
1715	754	1
1717	86	1
1718	129	1
1718	1634	1
1718	1731	1
1718	212	1
1718	254	1
1718	350	1
1718	574	1
1718	75	1
1718	85	1
1718	884	1
1719	190	1
172	135	1
172	1783	0
172	2	1
172	20	1
172	222	1
172	240	1
172	253	1
172	280	1
172	287	1
172	321	1
172	364	1
172	365	1
172	370	1
172	388	1
172	412	1
172	468	1
172	49	0
172	575	1
172	577	1
172	637	0
172	689	1
172	80	1
172	86	1
172	930	1
172	932	1
1720	194	1
1721	136	1
1722	194	1
1723	1462	1
1724	190	1
1726	117	1
1726	25	1
1726	695	1
1727	540	1
1728	540	1
1729	129	1
1729	51	1
173	1237	1
173	1259	0
173	128	1
173	143	0
173	1749	1
173	177	1
173	20	1
173	221	1
173	246	0
173	280	1
173	337	0
173	365	1
173	506	1
173	72	0
173	83	1
173	835	1
173	87	0
1731	1298	1
1731	267	1
1731	9	1
1732	8	1
1733	177	1
1733	1878	1
1733	20	1
1733	570	1
1733	71	1
1733	72	1
1733	8	1
1734	1300	1
1734	143	1
1734	20	1
1734	577	1
1735	20	1
1735	246	1
1735	590	1
1735	72	1
1736	20	1
1736	92	1
1737	20	1
1737	212	1
1737	29	1
1737	42	1
1737	716	1
1739	102	1
1739	177	1
1739	180	1
174	127	1
174	203	1
174	703	1
1740	203	1
1740	325	1
1740	33	1
1740	65	1
1741	237	1
1743	103	0
1743	125	1
1743	173	1
1744	40	1
1745	208	1
1746	109	1
1746	49	1
1747	147	1
1747	180	1
1748	1175	1
1748	14	1
1748	20	1
1748	80	1
1748	86	1
1749	173	1
175	1009	1
175	103	1
175	1039	1
175	118	1
175	14	1
175	1604	1
175	210	1
175	297	1
175	357	1
175	364	1
175	415	0
175	481	1
175	543	1
175	74	1
175	77	1
175	838	1
175	86	1
175	883	1
175	985	0
1750	132	1
1750	36	1
1750	78	0
1752	20	1
1752	87	1
1753	20	1
1753	404	1
1754	47	1
1755	102	1
1755	1634	1
1755	177	1
1755	180	1
1755	189	0
1755	20	1
1755	21	1
1755	29	1
1755	295	1
1755	30	1
1755	326	1
1755	36	1
1755	363	1
1755	39	1
1755	49	0
1755	516	1
1755	575	1
1755	582	1
1755	63	1
1755	689	1
1755	83	1
1755	85	1
1755	853	1
1755	927	1
1756	328	1
1758	150	1
1759	404	1
1759	68	1
1759	80	1
1759	87	1
176	33	1
176	497	1
1762	84	1
1765	98	1
1766	87	1
1767	1657	1
1767	20	1
1767	323	1
1767	337	1
1767	36	1
1767	599	1
1768	1842	1
1768	192	1
1768	196	1
1768	20	1
1768	40	1
1768	83	1
1769	1259	1
1769	87	1
177	173	1
177	1733	1
177	1739	1
177	177	1
177	1776	1
177	182	0
177	2	0
177	20	0
177	326	1
177	38	1
177	425	1
177	582	1
177	98	1
1770	20	1
1770	971	1
1771	190	1
1772	1172	1
1772	20	1
1772	94	1
1774	226	1
1774	85	1
1775	400	1
1776	177	1
1776	209	1
1776	516	1
1776	78	1
1777	46	1
1777	575	1
1778	1187	1
1779	206	1
178	14	1
178	170	1
178	226	1
178	398	1
178	58	1
178	657	1
178	77	1
178	86	1
178	868	1
1780	203	1
1780	719	1
1781	128	1
1782	297	1
1782	576	1
1783	1016	1
1783	1939	1
1783	20	1
1783	29	1
1783	594	1
1783	7	1
1783	927	1
1783	98	1
1784	752	1
1786	1156	1
1788	287	1
1788	72	1
1789	129	1
1789	134	1
1789	212	1
1789	575	1
1789	582	1
1789	98	1
179	127	1
1790	128	1
1790	38	1
1791	577	1
1791	79	1
1791	82	1
1791	930	1
1792	1172	1
1793	1297	1
1794	516	1
1796	1658	1
1797	20	1
1798	1790	1
18	1147	1
18	121	1
18	1214	1
18	1554	1
18	1611	1
18	1738	1
18	25	1
18	381	1
18	585	1
18	624	1
18	774	1
180	109	1
180	126	1
180	1446	1
180	1655	1
180	170	1
180	173	1
180	1739	1
180	21	1
180	29	1
180	31	1
180	594	1
180	69	1
180	805	1
180	83	1
180	843	1
180	85	1
180	98	1
1800	20	1
1800	46	1
1800	678	1
1801	689	1
1801	947	1
1802	1634	1
1803	1764	1
1804	143	1
1804	1734	1
1805	947	1
1807	1174	1
1807	267	1
1807	959	1
1809	127	1
181	1008	0
181	1124	0
181	1145	1
181	1165	0
181	150	0
181	159	1
181	211	1
181	263	1
181	524	0
181	77	1
181	959	0
181	974	1
1810	143	1
1811	107	1
1812	21	1
1812	46	1
1813	664	1
1814	305	1
1815	2	1
1816	326	1
1817	42	1
182	120	1
182	122	1
182	194	1
182	284	1
182	36	1
182	382	0
182	485	1
182	49	1
182	50	0
182	615	1
182	74	1
182	83	1
1820	1634	1
1820	1878	1
1820	1879	1
1820	1899	1
1820	380	1
1820	653	0
1820	932	0
1821	117	1
1822	20	1
1822	678	1
1822	86	1
1823	20	1
1824	40	1
1825	104	1
1825	1426	0
1825	177	1
1825	48	1
1825	577	0
1826	151	1
1827	1828	1
1827	678	1
1827	8	1
1827	87	1
1828	1827	1
1829	20	1
1829	678	1
183	1	1
183	117	1
183	119	1
183	127	1
183	14	1
183	1508	1
183	172	1
183	235	1
183	266	1
183	272	1
183	284	1
183	29	1
183	290	1
183	297	1
183	36	1
183	370	1
183	388	1
183	463	1
183	541	1
183	831	1
183	904	1
1836	1300	1
1837	355	1
1838	295	1
1838	46	1
1839	254	1
1839	640	1
184	180	1
184	185	1
1840	221	1
1841	678	1
1842	1146	1
1842	1300	1
1842	170	1
1842	1768	1
1842	196	1
1842	20	1
1842	206	1
1842	252	1
1842	260	1
1842	267	1
1842	575	1
1842	590	1
1842	678	1
1842	68	1
1842	7	1
1842	87	1
1842	983	1
1843	203	1
1843	85	1
1844	220	1
1845	20	1
1846	38	1
1846	86	1
1848	20	1
1849	173	1
185	180	1
185	184	1
185	6	1
1850	20	1
1851	352	1
1852	410	1
1853	20	1
1854	2	1
1854	29	1
1854	326	1
1854	577	1
1854	86	1
1855	1471	1
1855	196	1
1855	20	1
1855	237	1
1855	29	1
1855	36	1
1855	575	1
1855	577	1
1855	86	1
1856	1820	1
1857	1733	1
1857	196	1
1858	492	1
1859	199	1
1859	959	0
186	120	1
186	242	1
186	33	1
186	751	1
186	985	0
1860	226	1
1860	267	1
1861	314	1
1862	1298	1
1862	196	1
1862	20	1
1864	87	1
1865	334	1
1867	226	1
1867	716	1
1869	72	1
187	101	1
187	219	1
187	77	1
1870	190	1
1871	134	1
1871	86	1
1872	86	1
1874	243	1
1874	594	1
1875	20	1
1876	20	1
1877	127	1
1878	129	1
1878	153	1
1878	1634	1
1878	1733	1
1878	1820	1
1878	1878	1
1878	1905	1
1878	1915	1
1878	347	1
1878	85	1
1878	927	1
1878	98	1
1879	129	1
1879	153	1
1879	1634	1
1879	1783	1
1879	1820	1
1879	203	1
1879	574	1
1879	582	1
1879	85	1
188	17	1
188	253	1
1880	207	1
1881	49	1
1881	79	1
1882	117	1
1882	1333	1
1882	134	0
1882	1666	1
1882	170	1
1882	172	1
1882	1733	1
1882	1773	1
1882	1827	1
1882	196	1
1882	20	1
1882	212	1
1882	224	1
1882	235	1
1882	242	1
1882	248	1
1882	263	1
1882	265	1
1882	267	1
1882	287	1
1882	33	1
1882	372	1
1882	453	1
1882	49	1
1882	51	1
1882	556	1
1882	575	1
1882	577	1
1882	582	1
1882	8	1
1882	83	1
1882	85	1
1882	87	1
1882	963	1
1882	98	1
1882	982	1
1883	71	1
1884	254	1
1884	98	1
1885	143	1
1886	150	1
1887	63	1
1888	20	1
1889	129	1
1889	186	1
1889	242	1
1889	29	1
1889	85	1
189	104	1
189	186	1
189	24	1
189	297	1
189	83	1
1890	20	1
1891	1733	1
1892	191	1
1893	20	1
1894	243	1
1895	927	1
1896	87	1
1897	334	1
1898	577	1
1899	129	1
1899	1635	1
1899	1820	1
1899	20	1
1899	212	1
1899	716	1
1899	811	1
1899	83	1
1899	86	1
19	362	0
190	619	1
1900	1426	1
1901	20	1
1902	341	1
1903	1259	1
1903	1634	1
1904	20	1
1905	1634	1
1905	1820	1
1905	1878	1
1905	1879	1
1905	594	1
1906	2	1
1907	398	1
1908	305	1
1909	1634	1
1909	212	1
191	101	0
191	102	0
191	1066	0
191	107	0
191	1512	0
191	18	0
191	25	0
191	639	0
191	982	0
191	985	0
1911	48	1
1912	1878	1
1913	177	1
1914	129	1
1914	20	1
1914	7	1
1915	1634	1
1915	1878	1
1915	1915	1
1915	72	1
1915	720	1
1915	810	1
1915	811	1
1916	22	1
1917	107	1
1917	145	1
1917	1960	1
1917	316	1
1917	575	1
1917	594	1
1917	7	1
1917	723	1
1917	98	1
1918	254	1
1918	86	1
1919	134	1
1920	1907	1
1921	72	1
1922	1635	1
1922	592	1
1923	582	1
1923	719	1
1924	468	1
1925	212	1
1926	72	1
1927	129	1
1928	1634	1
1929	20	1
1929	811	1
193	117	1
193	36	1
1930	1634	1
1931	20	1
1931	212	1
1931	579	1
1932	719	1
1933	594	1
1934	2	1
1934	321	1
1934	8	1
1935	1634	1
1936	506	1
1937	173	1
1938	212	1
1939	1175	1
1939	122	1
1939	128	1
1939	129	1
1939	1426	1
1939	1471	1
1939	153	1
1939	1634	1
1939	1635	1
1939	1636	1
1939	170	1
1939	172	1
1939	1733	1
1939	1735	1
1939	177	1
1939	1783	1
1939	1791	1
1939	1799	1
1939	180	1
1939	1806	1
1939	1839	1
1939	1878	1
1939	1889	1
1939	1915	1
1939	1940	1
1939	196	1
1939	199	1
1939	2	1
1939	20	1
1939	206	1
1939	209	1
1939	212	1
1939	248	1
1939	252	1
1939	254	1
1939	28	1
1939	280	1
1939	29	1
1939	302	1
1939	316	1
1939	321	1
1939	326	1
1939	327	1
1939	398	1
1939	42	1
1939	49	1
1939	497	1
1939	55	1
1939	575	1
1939	576	1
1939	577	1
1939	591	1
1939	592	1
1939	594	1
1939	640	1
1939	7	1
1939	716	1
1939	72	1
1939	720	1
1939	779	1
1939	79	1
1939	8	1
1939	807	1
1939	83	1
1939	85	1
1939	86	1
1939	927	1
1939	930	1
1939	932	1
1939	971	1
1939	98	1
194	107	1
194	109	1
194	1165	0
194	127	1
194	1276	0
194	1302	0
194	182	1
194	251	0
194	290	1
194	302	1
194	355	1
194	415	0
194	454	0
194	499	0
194	58	0
194	648	1
194	651	0
194	750	1
194	828	1
194	865	0
194	985	0
1940	1634	1
1941	170	1
1941	1981	1
1941	2	1
1941	20	1
1941	49	1
1941	576	1
1941	592	1
1941	716	1
1941	720	1
1941	8	1
1941	809	1
1941	811	1
1941	83	1
1942	20	1
1942	720	1
1942	810	1
1943	134	1
1943	1635	1
1943	310	1
1943	42	1
1943	807	1
1943	86	1
1944	20	1
1945	1634	1
1946	755	1
1947	1634	1
1948	575	1
1948	8	1
1948	85	1
1949	355	1
195	1018	1
195	1114	1
195	132	1
195	1329	1
195	1534	1
195	1629	1
195	174	1
195	284	1
1950	1635	1
1950	42	1
1950	594	1
1950	8	1
1951	1634	1
1951	85	1
1952	577	1
1953	18	1
1954	807	1
1955	28	0
1955	280	1
1956	20	1
1956	212	1
1956	254	1
1956	577	1
1956	86	1
1957	29	1
1957	49	1
1958	321	1
1958	8	1
1959	297	1
196	1016	1
196	1298	1
196	13	1
196	1471	1
196	164	1
196	1733	1
196	1799	1
196	1820	1
196	1842	1
196	1855	1
196	1857	1
196	1859	1
196	2	1
196	20	1
196	213	1
196	224	1
196	267	1
196	307	1
196	38	1
196	556	1
196	582	1
196	689	1
196	716	1
196	719	1
196	735	1
196	779	1
196	8	1
196	83	1
196	98	1
1960	212	1
1960	29	1
1960	574	1
1960	594	1
1960	7	1
1960	927	1
1961	819	1
1962	1634	1
1962	1878	1
1963	1915	1
1964	8	1
1965	206	1
1965	577	1
1966	1161	1
1967	8	1
1968	574	1
1969	83	1
197	1152	1
197	117	1
197	1175	1
197	1191	1
197	120	1
197	125	1
197	128	1
197	13	1
197	135	1
197	14	1
197	150	1
197	172	1
197	173	1
197	1801	1
197	20	1
197	202	1
197	226	1
197	235	1
197	240	1
197	251	1
197	271	1
197	280	1
197	300	1
197	310	1
197	318	1
197	33	1
197	365	1
197	370	1
197	431	1
197	468	1
197	505	1
197	520	1
197	563	1
197	60	1
197	601	1
197	606	1
197	650	1
197	68	1
197	77	1
197	804	1
197	823	1
197	841	1
197	851	1
197	86	1
197	868	1
197	89	1
1970	307	1
1971	1791	1
1972	1077	1
1974	20	1
1974	577	1
1974	811	1
1974	930	1
1974	931	1
1974	932	1
1975	8	1
1976	20	1
1977	577	1
1977	83	1
1978	20	1
1979	1634	1
1979	203	1
198	1011	1
198	1044	1
198	107	1
198	120	1
198	121	1
198	1252	1
198	128	1
198	172	1
198	18	1
198	181	1
198	186	1
198	194	1
198	199	1
198	20	1
198	212	1
198	226	1
198	251	1
198	271	1
198	287	1
198	327	1
198	328	1
198	34	1
198	381	1
198	388	1
198	399	1
198	405	1
198	419	1
198	422	1
198	49	1
198	624	1
198	7	1
198	72	1
198	745	1
198	77	1
198	89	1
198	90	1
198	98	1
1980	1634	1
1981	1635	1
1981	1941	1
1981	2	1
1981	576	1
1981	579	1
1982	49	1
1983	1635	1
1983	29	1
1983	350	1
1983	372	1
1983	579	1
1983	582	1
1983	811	1
1983	927	1
1984	1820	1
1986	2	1
1986	321	1
1986	8	1
1986	809	1
1987	110	1
1988	1634	1
1988	575	1
1988	584	1
1989	1634	1
199	1215	1
199	1806	1
199	590	1
199	720	1
1990	86	1
1991	1635	1
1991	20	1
1992	1634	1
1992	574	1
1992	584	1
1992	85	1
1993	577	1
1994	297	1
1995	1783	1
1995	98	1
1996	135	1
1997	1634	1
1997	574	1
1997	85	1
1998	530	1
2	105	0
2	127	1
2	1636	0
2	170	1
2	172	1
2	20	1
2	204	0
2	254	1
2	260	0
2	310	0
2	321	1
2	410	1
2	453	1
2	48	1
2	49	0
2	511	0
2	577	1
2	590	0
2	678	0
2	69	1
2	716	1
2	8	0
2	811	0
2	83	1
20	107	1
20	109	1
20	122	1
20	129	1
20	134	1
20	1426	1
20	153	1
20	1634	1
20	1635	1
20	1658	1
20	169	1
20	170	1
20	1718	1
20	172	1
20	173	1
20	1862	0
20	1878	1
20	196	1
20	1999	1
20	2	1
20	209	1
20	210	1
20	212	1
20	246	1
20	266	1
20	280	1
20	283	1
20	29	1
20	307	1
20	33	1
20	337	1
20	350	1
20	36	1
20	398	1
20	49	1
20	510	1
20	575	1
20	577	1
20	579	1
20	58	1
20	594	1
20	689	1
20	7	1
20	72	1
20	79	1
20	8	1
20	83	1
20	85	1
20	86	1
20	927	1
20	930	1
20	932	1
20	98	1
200	127	0
200	901	1
2000	169	1
203	1634	1
203	212	1
203	85	1
204	1521	1
205	1863	1
205	85	1
205	921	1
206	172	1
206	1820	1
206	266	1
206	280	1
206	362	1
206	932	1
207	143	1
207	1880	0
207	2	1
207	20	1
207	321	1
207	576	1
207	720	1
207	8	1
208	139	1
208	181	1
208	54	1
208	97	1
209	137	1
209	143	1
209	1733	1
209	1776	1
209	20	1
209	210	1
209	22	1
209	246	1
209	268	1
209	48	1
209	614	1
209	90	1
209	994	1
209	999	1
21	1110	0
21	1267	0
21	1655	0
21	170	1
21	1776	0
21	180	1
21	197	0
21	2	1
21	280	1
21	38	1
21	396	0
21	511	0
21	527	1
21	66	1
21	678	0
21	8	0
21	83	1
21	87	0
21	98	1
210	12	1
210	125	1
210	143	1
210	169	1
210	175	1
210	20	1
210	203	1
210	206	0
210	209	1
210	211	1
210	230	1
210	238	1
210	254	1
210	269	1
210	295	1
210	300	1
210	33	0
210	36	0
210	362	1
210	42	1
210	452	1
210	481	1
210	506	1
210	526	1
210	528	1
210	54	1
210	67	1
210	68	1
210	69	1
210	805	1
210	97	1
211	173	1
212	327	1
213	40	1
213	415	0
213	835	0
214	122	1
214	127	1
214	1352	1
214	1382	1
214	1677	1
214	175	1
214	563	1
214	884	1
214	994	1
215	135	1
216	104	1
216	109	1
216	112	1
216	120	1
216	127	1
216	135	1
216	150	1
216	169	1
216	171	1
216	181	1
216	1812	1
216	1855	1
216	2	1
216	205	1
216	222	1
216	224	1
216	253	1
216	284	1
216	293	1
216	297	1
216	328	1
216	406	1
216	415	1
216	418	1
216	425	1
216	483	1
216	575	1
216	596	1
216	607	1
216	624	1
216	68	1
216	71	1
216	718	1
216	72	1
216	726	1
216	730	1
216	803	1
216	85	1
216	898	1
216	912	1
216	913	1
216	914	1
216	93	1
216	96	1
217	36	1
218	105	1
218	1097	1
218	122	1
218	143	1
218	150	1
218	162	1
218	1665	1
218	1666	1
218	172	1
218	208	1
218	209	1
218	212	1
218	219	1
218	22	1
218	220	1
218	221	1
218	222	1
218	223	1
218	240	1
218	264	1
218	29	1
218	307	1
218	33	1
218	37	1
218	449	1
218	49	1
218	567	1
218	755	1
218	83	1
218	86	1
218	90	1
218	93	1
219	104	1
219	242	1
219	294	1
22	113	1
22	1134	1
22	125	1
22	153	1
22	209	1
22	210	1
22	256	1
22	26	1
22	275	1
22	557	1
22	61	1
22	611	1
22	645	1
22	70	1
22	90	1
220	212	1
221	1068	1
221	110	1
221	139	1
221	172	1
221	173	1
221	1761	1
221	181	1
221	1840	1
221	20	1
221	29	1
221	36	1
221	509	1
221	512	1
221	516	1
221	563	1
221	602	1
221	64	1
221	69	1
221	86	1
221	937	1
221	98	1
222	1	1
222	109	1
222	172	1
222	226	1
222	297	1
222	307	1
222	357	1
222	36	1
222	698	1
222	86	1
224	1402	1
224	1854	1
224	39	1
224	681	1
225	226	1
226	118	1
226	170	1
226	624	1
227	122	1
227	212	1
229	172	1
229	212	1
23	313	1
23	357	1
230	148	1
230	36	1
230	608	1
230	985	0
231	124	1
231	150	1
231	311	1
232	130	1
232	260	1
232	44	1
233	1060	1
233	1106	1
233	1115	1
233	1372	0
233	1376	1
233	1445	1
233	1460	1
233	1531	1
233	1548	1
233	172	1
233	370	1
233	462	1
233	822	1
235	290	1
235	302	1
235	5	1
236	1655	1
236	219	1
236	235	1
237	1741	1
237	1973	1
237	202	1
237	235	1
237	334	1
237	497	1
238	1175	1
238	125	1
238	1313	1
238	16	1
238	172	1
238	18	1
238	181	1
238	183	1
238	20	1
238	206	1
238	210	1
238	240	1
238	246	1
238	29	1
238	328	1
238	467	1
238	815	1
238	92	1
238	985	0
239	1165	1
239	176	1
239	597	1
239	799	1
239	830	1
239	853	1
24	130	1
24	189	1
24	2	1
24	271	1
24	284	1
24	366	1
24	84	1
240	1135	0
240	14	1
240	172	1
240	226	1
240	284	1
240	33	1
240	388	1
240	577	0
240	612	1
240	960	1
240	985	0
241	1080	1
241	116	1
241	1167	1
241	127	1
241	1315	1
241	164	1
241	20	1
241	226	1
241	280	1
241	334	1
241	36	1
241	412	1
241	522	1
241	883	1
242	104	1
242	1084	1
242	129	1
242	1543	1
242	186	1
242	203	1
242	297	1
242	31	1
242	327	1
242	33	1
242	347	1
242	415	0
242	431	1
242	50	0
242	506	1
242	51	1
242	54	1
242	571	1
242	579	1
242	607	1
242	65	1
242	84	1
242	85	1
243	1175	1
243	125	1
243	128	1
243	1297	1
243	1300	1
243	168	1
243	181	1
243	1820	1
243	1874	1
243	21	1
243	267	1
243	307	1
243	365	1
243	372	1
243	577	1
243	678	1
243	681	1
243	706	1
243	80	0
243	83	1
243	84	1
243	86	1
244	134	1
244	143	1
244	1734	1
244	20	1
244	370	1
244	575	1
245	36	1
246	1735	0
246	20	1
246	212	1
246	280	1
246	404	1
246	577	1
246	83	1
248	398	1
248	425	1
248	470	1
248	506	1
25	14	1
25	170	1
25	172	1
25	18	1
25	28	1
25	294	1
25	597	0
25	7	1
25	841	0
250	186	1
250	313	1
250	647	1
250	709	1
250	72	1
251	1	1
251	101	1
251	1044	1
251	1092	1
251	117	1
251	127	1
251	144	1
251	161	1
251	172	1
251	173	1
251	197	1
251	198	1
251	271	1
251	307	1
251	309	1
251	381	1
251	405	1
251	412	1
251	497	1
251	60	1
251	667	0
251	669	1
251	674	1
251	75	1
251	799	1
251	950	1
251	959	1
252	117	1
252	1739	1
252	177	1
252	310	1
252	372	1
252	46	1
252	51	1
252	689	1
252	87	1
252	98	1
253	109	1
253	1147	0
253	117	1
253	126	1
253	1300	1
253	135	1
253	172	1
253	181	1
253	20	1
253	212	1
253	222	1
253	224	1
253	226	1
253	25	1
253	266	1
253	310	1
253	36	1
253	434	1
253	468	1
253	51	1
253	522	1
253	60	1
253	681	1
254	105	0
254	128	1
254	129	1
254	2	1
254	511	0
254	575	1
254	577	1
254	69	1
254	86	1
255	172	1
255	72	1
257	213	1
257	284	1
258	119	1
258	122	1
258	1464	1
258	172	1
258	327	1
258	385	1
258	470	1
258	49	1
258	648	1
258	831	1
258	965	0
259	12	1
259	173	1
259	21	1
259	297	1
259	633	1
259	83	1
259	9	1
26	28	1
26	49	0
26	615	0
260	17	1
260	180	1
260	1820	0
260	1842	1
260	2	0
260	206	1
260	232	1
260	3	0
260	78	0
260	8	1
261	71	1
262	263	1
263	128	1
263	1298	1
263	172	1
263	1855	1
263	205	0
263	206	1
263	209	1
263	262	1
263	33	1
263	575	1
263	577	1
263	590	1
263	72	1
264	117	1
264	12	1
264	125	1
264	1658	1
264	275	1
264	312	0
264	326	1
264	384	1
264	433	0
264	58	1
264	92	1
265	1094	1
265	1095	1
265	30	1
266	1165	0
266	135	1
266	1372	0
266	182	0
266	251	0
266	29	1
266	468	1
266	49	1
266	51	1
266	582	1
266	738	0
266	865	0
267	1298	1
267	143	1
267	153	1
267	1731	1
267	1774	1
267	1807	1
267	1842	1
267	1860	1
267	1873	1
267	1878	1
267	1882	1
267	1910	1
267	1915	1
267	196	1
267	1988	1
267	206	1
267	243	1
267	263	1
267	313	1
267	347	1
267	365	1
267	39	1
267	424	1
267	489	1
267	569	1
267	575	1
267	577	1
267	579	1
267	699	1
267	704	1
267	807	1
267	811	1
267	86	1
267	92	1
267	971	1
268	134	1
268	197	1
268	208	1
268	209	1
268	22	1
268	33	1
268	362	0
268	54	1
268	70	0
268	83	1
268	90	1
269	1085	0
269	143	1
269	210	1
269	295	1
269	36	0
269	415	0
269	439	1
269	50	0
269	633	1
269	69	1
269	72	0
27	1082	0
27	226	1
270	87	0
271	31	1
272	122	1
272	135	1
272	434	1
272	51	1
272	554	1
273	1345	1
273	266	1
273	272	1
273	492	1
273	699	0
274	1590	1
274	771	1
274	801	1
275	120	1
275	172	1
275	22	1
275	264	1
275	326	1
275	382	1
275	524	1
275	938	1
277	93	1
278	1017	1
278	1018	1
278	1083	1
278	1199	1
278	127	1
278	132	1
278	136	1
278	1716	1
278	194	1
278	30	1
278	405	1
278	515	1
278	630	0
278	655	1
278	72	1
278	863	1
278	990	1
279	109	1
279	85	1
28	108	1
28	1634	1
280	107	0
280	109	1
280	125	1
280	1298	1
280	169	1
280	170	1
280	172	1
280	173	1
280	1939	1
280	197	1
280	20	1
280	206	1
280	21	1
280	241	1
280	29	1
280	339	1
280	38	1
280	490	0
280	509	1
280	511	0
280	575	1
280	577	1
280	679	0
280	7	1
280	701	0
280	78	1
280	811	0
280	90	1
281	212	1
283	1985	1
283	20	1
283	327	1
283	584	1
283	593	1
283	809	1
283	811	1
284	1	0
284	101	0
284	109	1
284	1105	0
284	1124	0
284	1165	0
284	1196	0
284	135	1
284	1372	0
284	14	1
284	191	0
284	20	1
284	33	1
284	334	1
284	36	1
284	362	0
284	428	0
284	468	1
284	50	0
284	51	1
284	522	1
284	58	0
284	615	1
284	624	0
284	630	0
284	803	1
284	805	0
284	86	1
284	93	1
284	98	1
284	982	0
285	101	0
285	117	1
285	156	1
285	191	1
285	77	1
287	127	1
287	172	1
287	272	1
287	388	1
287	750	1
288	470	1
29	101	0
29	127	1
29	129	1
29	130	1
29	132	1
29	14	1
29	1426	1
29	170	1
29	172	1
29	1783	1
29	183	1
29	1855	1
29	196	1
29	20	1
29	212	1
29	235	1
29	254	1
29	280	1
29	284	1
29	297	1
29	36	1
29	40	1
29	433	1
29	525	1
29	568	1
29	575	1
29	576	1
29	577	1
29	58	1
29	594	1
29	632	1
29	7	1
29	738	0
29	769	1
29	86	1
29	927	1
29	977	0
29	98	1
290	101	0
290	1136	1
290	1407	1
290	155	0
290	17	1
290	194	1
290	251	0
290	287	1
290	375	1
290	405	0
290	516	0
290	844	1
290	985	0
291	1199	1
291	127	1
292	1029	1
292	1126	1
292	1148	1
292	1476	1
292	1634	1
292	212	1
292	293	1
292	302	1
292	396	1
292	465	1
292	667	1
292	80	1
292	870	1
293	1215	1
293	51	1
294	120	1
294	219	1
294	25	1
294	415	0
294	77	1
294	98	1
294	985	1
295	105	0
295	1298	1
295	143	1
295	197	0
295	205	0
295	210	1
295	254	1
295	269	1
295	300	1
295	316	0
295	33	1
295	36	1
295	362	0
295	577	1
295	590	0
295	69	1
296	247	1
297	1	1
297	135	1
297	36	0
297	388	1
297	428	1
297	587	1
297	624	1
297	86	1
298	499	1
299	173	1
299	49	1
299	9	1
3	102	1
3	173	1
3	222	1
3	303	1
3	324	1
30	1029	1
30	109	1
30	1141	1
30	1146	1
30	1160	1
30	1412	1
30	1418	1
30	265	1
30	278	1
30	292	1
30	653	1
30	682	1
30	866	1
300	109	1
300	110	0
300	126	1
300	128	1
300	173	1
300	197	1
300	210	0
300	229	1
300	295	1
300	370	1
300	624	1
300	8	1
300	93	1
301	1000	1
301	1634	1
301	164	1
301	1773	1
301	398	1
301	85	1
301	927	1
301	98	1
302	1124	0
302	14	1
302	194	1
302	284	1
302	297	1
302	331	1
302	388	1
302	415	1
302	803	1
302	985	0
303	3	1
303	62	1
304	265	1
304	291	1
305	20	1
306	166	1
306	212	1
307	132	1
307	144	1
307	164	1
307	20	1
307	206	1
307	222	1
307	254	1
307	271	1
307	33	1
307	358	1
307	36	1
307	364	0
307	366	1
307	470	1
307	48	1
307	494	1
307	575	1
307	69	1
307	83	1
307	93	1
308	129	1
308	98	1
309	203	1
309	345	1
31	362	1
310	1172	1
310	120	1
310	1764	1
310	1787	1
310	252	1
310	253	1
310	378	1
310	79	1
310	87	1
311	563	1
313	118	1
313	173	1
313	222	1
313	29	1
313	506	1
313	510	1
313	86	1
313	92	1
313	93	1
314	125	1
314	172	1
314	181	1
314	202	1
314	271	1
314	334	1
314	375	1
314	388	1
314	401	1
314	405	1
314	460	1
314	766	1
314	80	1
314	835	1
314	86	1
315	136	1
316	153	1
316	1939	1
316	326	1
316	362	0
316	575	1
316	594	1
316	7	1
316	8	1
316	98	1
317	588	1
317	589	1
318	1124	0
318	122	1
318	181	1
318	42	1
318	587	1
318	738	0
318	767	0
318	985	0
319	212	1
32	205	1
32	254	1
32	42	1
32	439	1
32	54	1
32	555	1
32	662	1
32	86	1
320	321	1
321	105	0
321	172	1
321	2	1
321	575	1
321	576	1
321	577	1
321	7	1
321	716	1
321	8	1
322	181	1
322	212	1
322	284	1
322	563	1
323	326	1
324	125	1
325	127	1
325	134	1
325	176	1
325	181	1
325	284	1
325	328	1
325	346	1
325	366	1
325	48	1
326	177	1
326	362	0
326	372	1
326	574	1
326	582	1
326	593	1
327	14	1
327	186	1
327	196	1
327	198	1
327	212	1
327	582	1
327	584	1
327	594	1
328	1542	0
328	235	1
328	267	0
328	341	1
328	415	0
328	507	0
328	58	0
328	637	0
328	701	0
328	71	1
328	72	1
328	968	0
329	330	1
33	105	0
33	106	0
33	1634	1
33	1657	0
33	1792	0
33	1794	0
33	1855	0
33	186	1
33	1862	0
33	1869	0
33	210	0
33	242	1
33	246	0
33	254	1
33	256	0
33	267	0
33	38	1
33	511	0
33	54	1
33	582	1
33	635	0
33	678	0
33	679	0
33	7	1
33	78	1
33	87	0
33	98	1
330	1127	1
330	1199	1
330	132	1
330	1405	0
330	141	1
330	1540	1
330	177	1
330	284	0
330	287	0
330	312	0
330	36	1
330	362	0
330	372	1
330	435	1
330	51	1
330	560	1
330	568	0
330	69	0
330	77	0
330	80	0
330	889	0
330	985	0
331	302	1
331	415	1
331	803	1
332	117	1
332	1588	1
332	272	1
332	295	1
332	30	1
332	655	1
332	754	1
332	758	1
333	212	1
334	109	1
334	1165	0
334	120	1
334	127	1
334	14	1
334	284	1
334	352	1
334	40	1
334	468	1
334	49	1
334	522	1
334	615	1
336	109	1
336	1143	1
336	116	1
336	1285	1
336	1490	1
336	1494	1
336	1504	1
336	162	1
336	203	1
336	228	1
336	272	1
336	287	1
336	30	1
336	468	1
336	530	1
336	532	1
336	669	1
336	774	1
336	791	1
336	819	1
336	838	1
336	85	1
336	960	1
336	99	1
337	1047	1
337	1608	1
337	1634	1
337	1767	1
337	20	1
337	249	1
337	284	1
337	307	1
337	33	1
337	404	1
337	5	1
337	51	1
337	570	1
337	681	1
337	71	1
337	72	1
337	83	1
337	96	1
338	26	1
339	125	1
339	170	1
339	173	1
339	235	1
339	280	1
339	284	1
339	312	1
339	36	1
34	1217	1
34	415	1
34	624	1
34	85	1
340	92	1
341	173	1
341	181	1
341	328	1
341	36	1
341	381	1
341	614	1
342	480	1
342	520	1
343	150	1
343	385	1
344	171	1
344	59	1
345	309	1
345	57	1
345	79	1
346	172	1
346	173	1
346	20	1
346	226	1
346	313	1
346	325	1
347	129	1
347	1878	1
347	206	1
347	242	1
347	254	1
347	267	1
347	387	1
347	582	1
347	678	1
347	681	1
347	84	1
347	85	1
348	1	1
348	1445	1
349	109	1
349	1126	1
349	1439	1
349	293	1
349	302	1
349	330	1
349	549	1
349	863	1
350	1718	1
350	1983	1
350	20	1
350	584	1
350	7	1
350	811	1
350	83	1
351	203	1
351	49	1
352	109	1
352	334	1
352	412	1
352	429	1
352	563	1
352	587	1
353	126	1
353	128	1
353	176	1
353	492	1
353	667	1
353	752	1
354	104	1
354	1269	1
354	172	1
354	291	1
355	127	1
355	194	1
355	468	1
355	480	0
357	101	0
357	148	1
357	266	1
357	612	1
357	988	1
358	150	1
358	153	1
358	247	1
358	307	1
358	366	1
358	516	1
358	843	1
358	97	1
359	139	1
36	1164	0
36	1372	0
36	360	0
36	456	0
36	9	0
36	985	0
360	123	1
361	1634	1
362	128	1
362	14	0
362	206	1
362	345	1
362	365	1
362	38	1
362	401	1
362	48	1
362	504	0
362	536	0
362	92	1
362	93	1
363	33	1
364	109	1
364	127	1
364	172	1
364	36	1
364	93	1
365	1	1
365	109	1
365	127	1
365	128	1
365	130	1
365	135	1
365	136	1
365	172	1
365	173	1
365	197	1
365	25	1
365	267	1
365	284	1
365	29	1
365	33	1
365	362	1
365	388	1
365	40	1
365	410	1
365	463	1
365	60	1
365	612	1
365	678	1
365	77	1
365	819	1
365	86	1
366	135	1
366	248	1
366	287	1
366	29	1
366	307	1
366	328	1
366	33	1
366	362	0
366	415	0
366	437	1
366	44	1
366	499	0
366	54	1
366	73	0
367	14	1
368	150	1
368	167	1
368	253	1
368	352	1
368	38	1
368	39	1
368	58	1
368	69	1
368	92	1
369	1029	1
369	128	1
369	172	1
369	83	1
369	86	1
37	127	1
370	1121	0
370	1165	0
370	127	1
370	128	1
370	1454	1
370	1600	1
370	162	1
370	172	1
370	191	1
370	240	1
370	25	1
370	266	1
370	388	1
370	415	0
370	463	1
370	468	1
370	524	0
370	530	1
370	542	1
370	577	1
370	599	1
370	731	1
370	738	0
370	752	1
370	80	1
370	851	1
370	86	1
370	93	1
370	985	0
372	330	1
372	399	1
372	593	1
373	1	1
373	107	1
373	14	1
373	1420	1
373	1445	1
373	148	1
373	434	1
373	525	1
373	612	1
373	698	1
373	762	1
373	77	1
373	86	1
375	36	1
375	440	0
375	49	1
376	181	1
377	17	1
378	310	1
379	226	1
38	128	1
38	144	1
38	169	1
38	172	1
38	21	1
38	252	1
38	280	1
38	297	1
38	307	1
38	33	1
38	362	1
38	575	1
38	8	1
38	80	1
38	83	1
38	98	1
380	108	1
380	1107	1
380	1286	1
380	152	1
380	1547	1
380	1634	1
380	1820	1
380	186	1
380	202	1
380	71	1
380	72	1
381	135	1
381	1391	1
381	198	1
381	25	1
381	326	1
381	341	1
381	381	1
381	431	1
381	433	1
381	437	1
381	468	1
381	970	1
382	275	1
382	36	1
382	399	1
383	300	1
383	364	1
384	1028	1
384	264	1
385	1345	1
385	258	1
385	343	1
385	463	1
386	989	1
387	200	1
387	302	1
387	49	0
387	98	1
388	117	1
388	127	1
388	135	1
388	14	1
388	1660	0
388	172	1
388	284	1
388	287	1
388	415	1
388	468	1
388	514	1
389	128	1
389	150	1
389	302	1
389	68	1
389	691	1
389	692	1
389	80	1
39	124	1
39	127	1
39	1300	1
39	1359	1
39	1360	1
39	143	1
39	144	1
39	1666	1
39	169	1
39	172	1
39	177	1
39	180	1
39	181	1
39	1827	1
39	20	1
39	206	1
39	21	1
39	22	1
39	224	1
39	240	1
39	242	1
39	267	1
39	27	1
39	345	1
39	38	1
39	415	1
39	421	1
39	46	1
39	516	1
39	527	1
39	562	1
39	578	1
39	587	1
39	606	1
39	614	1
39	642	1
39	678	1
39	68	1
39	7	1
39	79	1
39	8	1
39	805	1
39	849	1
39	86	1
39	89	1
39	96	1
390	302	1
391	1012	1
391	147	1
391	181	1
391	401	1
391	62	1
393	40	1
394	209	1
395	134	1
396	107	1
396	109	1
396	1199	1
396	1252	1
396	127	1
396	14	1
396	1418	1
396	1589	1
396	191	1
396	194	1
396	291	1
396	292	1
396	30	1
396	682	1
396	688	1
396	761	1
396	828	1
396	99	1
397	486	1
397	835	1
398	1470	0
398	155	0
398	1634	1
398	1666	1
398	1731	0
398	219	0
398	248	1
398	29	1
398	362	0
398	575	1
398	584	0
399	164	1
399	172	1
399	212	1
399	287	1
399	372	1
399	382	1
399	415	1
399	485	1
399	624	1
399	74	1
4	1	1
4	119	1
4	122	1
4	138	1
4	14	1
4	181	1
4	297	1
4	698	1
4	86	1
4	868	1
4	957	1
4	970	1
40	1135	0
40	1165	0
40	120	1
40	1245	0
40	1302	0
40	132	1
40	1342	0
40	1361	0
40	153	1
40	171	0
40	20	1
40	29	1
40	334	1
40	36	1
40	365	1
40	463	1
40	49	1
40	507	0
40	633	1
40	901	1
400	72	1
400	927	1
401	107	1
401	126	1
401	169	1
401	226	1
401	314	1
401	362	1
401	370	1
401	50	1
401	780	1
402	388	1
402	47	1
403	181	1
404	511	0
405	1008	0
405	1051	0
405	1135	0
405	1164	0
405	1282	0
405	1316	0
405	1372	0
405	985	0
406	101	0
406	1211	1
406	191	1
406	304	1
406	461	1
407	341	1
408	20	1
409	1	1
409	127	1
409	144	1
409	156	1
409	272	1
409	290	1
409	307	1
409	458	1
409	459	1
409	460	1
41	17	1
410	14	1
410	181	1
410	20	1
410	226	1
410	33	1
410	365	1
410	388	1
410	415	0
410	428	1
410	467	0
410	77	1
411	25	1
412	1164	0
412	150	1
412	172	1
412	183	1
412	241	1
412	352	1
412	434	1
412	53	1
412	736	1
412	769	1
412	844	1
413	127	1
413	1527	1
414	181	1
415	1124	0
415	1143	1
415	122	1
415	284	1
415	302	1
415	399	1
415	428	0
415	49	0
415	50	1
415	51	1
415	624	0
415	738	0
415	98	1
415	985	0
416	28	1
416	98	1
417	173	1
417	226	1
417	72	1
418	109	1
418	117	1
418	1172	1
418	125	1
418	155	1
418	191	1
418	206	1
418	216	1
418	222	1
418	254	1
418	297	1
418	36	1
418	375	1
418	470	1
418	483	1
418	632	1
418	657	1
418	695	1
418	698	1
418	7	1
418	80	1
418	884	1
418	90	1
418	999	1
419	127	1
419	51	1
419	632	1
419	689	1
42	1221	1
42	127	1
42	284	1
42	415	1
42	434	1
42	468	1
42	483	1
42	519	1
42	525	1
42	68	1
42	942	1
420	98	1
421	39	1
422	170	1
422	83	1
423	49	1
425	128	0
425	170	1
425	177	1
425	248	1
425	506	1
425	572	1
425	598	1
425	630	1
425	738	0
426	178	1
427	302	1
428	109	1
428	1144	1
428	135	1
428	172	1
428	226	1
428	25	1
428	266	1
428	388	1
428	410	1
428	439	1
428	499	1
428	561	1
428	563	1
428	587	1
428	633	1
428	7	1
428	77	1
429	352	1
429	49	1
429	985	0
43	66	1
430	72	1
431	1	1
431	1115	1
431	125	1
431	181	1
431	197	1
431	242	1
431	251	1
431	381	1
431	432	1
431	434	1
431	465	1
431	586	1
431	656	1
431	711	1
432	122	1
432	14	1
432	172	1
432	365	1
432	431	1
432	447	1
433	1001	0
433	1106	1
433	130	1
433	1417	1
433	307	1
433	36	1
433	911	1
434	1036	1
434	127	1
434	148	1
434	1532	1
434	156	1
434	170	1
434	18	1
434	181	1
434	186	1
434	253	1
434	287	1
434	322	1
434	341	1
434	361	1
434	412	1
434	415	1
434	428	1
434	485	1
434	520	1
434	563	1
434	630	1
434	658	1
434	683	1
435	132	1
435	330	1
435	36	1
436	183	1
436	206	1
436	238	1
436	839	1
436	870	1
437	24	1
437	362	0
437	366	1
437	381	1
437	415	0
437	509	1
437	823	1
438	1154	1
438	1228	1
438	14	1
438	36	1
438	386	1
438	698	1
438	849	1
438	870	1
438	890	1
439	14	1
439	254	1
439	269	1
439	295	1
439	428	1
439	69	1
439	72	1
44	297	1
44	33	1
44	83	1
440	1282	1
440	1302	1
440	1377	1
440	441	1
440	442	1
440	443	1
440	444	1
440	445	1
442	1351	1
442	1362	1
442	1378	1
442	1495	1
442	441	1
442	455	1
442	516	1
442	865	1
443	1346	1
443	1378	1
443	441	1
443	442	1
443	444	1
443	445	1
443	865	1
444	127	1
444	1342	1
444	1362	1
444	194	1
444	440	1
444	441	1
444	442	1
444	443	1
444	445	1
444	456	1
444	865	1
445	440	1
445	441	1
445	444	1
445	454	1
445	455	1
445	456	1
446	109	1
446	1101	1
446	1102	1
446	117	1
446	1637	1
446	291	1
446	447	1
447	109	1
447	122	1
447	446	1
447	448	1
448	109	1
448	447	1
45	465	1
450	1376	1
450	1420	1
450	297	1
450	449	1
450	746	1
450	981	1
450	988	1
451	222	1
452	1486	1
452	210	1
452	525	1
452	528	1
452	77	1
452	80	1
453	2	1
453	20	1
453	205	0
453	210	1
453	280	0
453	577	1
456	1282	1
456	1302	1
456	1305	1
456	1369	1
456	441	1
456	873	1
457	30	1
458	127	1
458	156	1
458	290	1
458	409	1
458	769	1
458	85	1
46	177	1
46	1816	1
46	252	1
46	300	1
46	310	1
46	398	1
46	582	1
46	8	1
46	87	1
460	101	0
460	235	1
460	240	1
460	254	1
460	289	1
460	290	1
460	291	1
460	314	1
460	409	1
460	48	1
460	483	1
460	669	1
460	959	0
461	406	1
461	467	1
462	1115	1
462	233	1
463	181	1
463	365	1
463	385	1
463	40	1
463	633	1
463	80	1
463	93	1
463	985	0
464	1733	1
464	20	1
464	362	1
464	72	1
465	1095	1
465	1561	1
465	172	1
465	290	1
465	36	1
465	45	1
465	778	1
465	806	1
466	266	1
467	1229	1
467	1318	1
467	1413	1
467	1443	1
467	1478	1
467	1509	1
467	1520	1
467	1606	1
467	238	1
467	290	0
467	292	1
467	461	1
467	657	1
467	727	1
467	889	1
468	101	0
468	1052	0
468	107	1
468	109	1
468	127	1
468	14	1
468	172	1
468	266	1
468	284	1
468	334	1
468	388	1
468	615	1
468	667	0
468	7	1
469	20	1
47	202	1
47	275	1
47	75	1
470	1	1
470	1109	1
470	128	1
470	1285	1
470	132	1
470	134	0
470	14	1
470	143	1
470	1457	1
470	1498	1
470	1625	1
470	1626	1
470	1658	1
470	226	1
470	246	1
470	250	1
470	254	1
470	258	1
470	307	1
470	418	1
470	49	1
470	494	1
470	563	1
470	58	0
470	606	1
470	745	1
470	766	1
470	827	1
470	85	1
470	947	1
472	1250	1
472	172	1
472	30	0
472	327	1
472	36	1
472	770	1
472	929	1
473	162	1
473	380	1
473	57	1
474	615	1
475	476	1
477	476	1
478	1286	1
479	71	0
479	96	1
48	101	0
48	109	1
48	137	1
48	143	1
48	172	1
48	2	1
48	20	1
48	206	1
48	209	1
48	210	1
48	240	1
48	254	1
48	266	1
48	307	1
48	33	1
48	362	1
48	406	1
48	470	1
48	494	1
48	69	1
48	80	1
48	83	1
48	87	1
48	93	1
481	1186	1
481	127	1
481	265	1
481	943	1
482	649	1
483	1096	1
483	114	1
483	127	1
483	1289	1
483	1529	1
483	1530	1
483	291	1
483	364	1
483	388	1
483	392	1
483	418	1
483	42	1
483	460	1
483	643	1
483	746	1
483	839	1
483	868	1
483	960	1
483	988	1
484	485	1
485	122	1
485	1372	0
485	175	0
485	182	1
485	253	1
485	287	1
485	297	0
485	36	1
485	362	0
485	38	1
485	399	1
485	415	0
485	49	1
485	654	0
485	86	1
485	928	0
485	982	0
486	203	1
486	624	1
486	99	1
487	488	1
488	224	1
488	307	1
488	535	1
489	267	1
489	86	1
49	101	0
49	102	0
49	104	0
49	105	0
49	108	0
49	1121	0
49	1124	0
49	1175	0
49	1267	0
49	1330	0
49	134	0
49	137	0
49	1469	0
49	1470	0
49	1471	0
49	1582	0
49	160	0
49	161	0
49	172	0
49	1735	0
49	1768	0
49	177	0
49	180	0
49	1846	0
49	1885	0
49	1909	0
49	1939	0
49	1957	0
49	1983	0
49	2	0
49	20	0
49	206	0
49	218	0
49	246	0
49	254	0
49	26	0
49	267	0
49	28	0
49	283	0
49	287	1
49	29	0
49	316	0
49	325	0
49	334	1
49	405	0
49	415	0
49	494	0
49	499	0
49	50	0
49	512	0
49	516	0
49	567	0
49	575	0
49	58	0
49	59	0
49	590	0
49	679	0
49	7	0
49	701	0
49	716	1
49	72	0
49	74	1
49	811	0
49	841	0
49	86	0
49	87	0
49	894	0
49	985	0
490	1819	1
490	20	1
490	42	1
490	690	1
491	1199	1
491	302	1
491	404	1
491	72	1
492	1687	1
492	190	1
492	326	0
492	486	1
493	134	1
494	1186	1
494	1792	0
494	48	1
494	582	1
495	415	0
495	516	1
496	1199	1
496	330	1
496	755	1
497	172	1
497	2	1
497	251	1
498	502	1
499	172	1
499	51	1
499	667	1
499	75	1
5	130	1
5	181	1
5	235	1
5	678	1
5	836	1
5	848	1
50	164	1
50	302	1
50	415	1
50	98	1
500	181	1
501	307	1
502	127	1
502	1711	1
503	9	1
504	226	1
504	76	1
504	83	1
505	1152	1
505	197	1
505	966	1
506	127	1
506	135	1
506	14	1
506	148	1
506	162	1
506	173	1
506	230	1
506	242	1
506	248	1
506	313	1
506	425	1
506	48	1
506	511	0
506	615	1
506	651	0
506	767	0
506	803	1
507	1209	1
507	1237	1
507	1262	1
507	1276	1
507	1302	1
507	1339	1
507	1346	1
507	1361	1
507	1369	1
507	441	1
507	442	1
507	444	1
507	456	1
507	773	1
507	872	1
507	873	1
508	647	1
509	162	1
509	181	1
509	221	1
509	240	1
509	241	1
509	271	1
509	280	1
509	328	1
509	33	1
509	38	1
509	437	1
509	48	1
509	522	1
509	633	1
509	92	1
51	1143	1
51	117	1
51	1555	1
51	267	0
51	293	1
51	330	1
51	399	1
51	405	0
51	415	1
51	419	1
51	631	1
51	739	0
510	1757	1
510	19	1
510	20	1
510	38	1
511	72	1
512	120	1
512	125	1
512	307	1
512	579	1
512	811	1
513	20	1
514	127	1
514	1345	1
514	1504	1
514	388	1
514	633	1
514	839	1
516	1296	1
516	1456	1
516	1658	1
516	1776	1
516	1785	1
516	1794	1
516	1795	1
516	221	1
516	280	1
516	365	1
516	38	1
516	39	1
516	415	1
516	421	1
516	525	1
516	639	1
516	719	1
516	723	1
516	742	1
516	83	1
516	952	1
516	985	0
517	2	1
517	366	1
518	172	1
518	226	1
518	42	1
518	72	1
52	107	1
52	135	1
520	1198	1
520	127	1
520	1628	1
520	1648	1
520	194	1
520	36	1
520	563	1
520	568	1
520	831	1
521	224	1
521	307	1
521	533	1
522	109	1
522	1282	0
522	134	0
522	161	0
522	191	1
522	253	1
522	284	1
522	36	1
522	388	1
522	49	1
522	509	1
522	741	0
522	86	1
523	186	1
524	120	1
524	382	1
524	938	1
524	990	1
525	1016	1
525	1085	1
525	1090	1
525	181	1
525	254	1
525	29	1
525	373	1
525	42	1
525	452	1
525	54	1
525	614	1
525	68	1
525	69	1
525	90	1
525	994	1
526	127	1
526	1792	0
526	206	1
526	210	1
526	33	1
526	614	1
527	127	1
527	20	1
527	21	1
527	25	1
527	272	1
527	463	1
527	77	1
527	882	1
527	98	1
528	139	1
528	170	1
528	177	1
528	1910	1
528	20	1
528	209	1
528	210	1
528	212	1
528	213	1
528	235	1
528	252	1
528	254	1
528	263	1
528	280	1
528	370	1
528	42	1
528	452	1
528	453	1
528	494	1
528	51	1
528	575	1
528	577	1
528	610	1
528	67	1
528	689	1
528	7	1
528	716	1
528	86	1
529	550	1
53	128	1
53	412	1
53	689	1
53	73	1
530	101	0
530	117	1
530	1269	1
530	1629	1
530	481	1
530	991	1
531	122	1
533	307	1
533	328	1
533	33	1
533	38	1
533	521	1
534	325	1
535	488	1
536	143	1
536	269	1
537	234	1
537	98	1
538	72	1
54	144	1
54	254	1
54	511	0
54	78	1
540	1251	1
540	515	1
541	127	1
541	265	1
541	364	1
541	643	1
541	863	1
541	99	1
543	101	0
543	117	1
543	181	1
543	445	0
543	770	0
544	710	1
545	119	0
545	121	1
545	235	0
545	546	0
545	72	1
546	587	1
547	412	1
548	135	1
549	173	1
549	194	1
549	349	1
549	673	1
549	72	1
55	1300	1
55	1742	1
55	1760	1
55	29	1
55	356	1
550	22	1
551	100	1
551	1700	1
552	172	1
552	173	1
552	24	1
552	307	1
552	366	1
553	107	1
554	1226	1
554	272	1
554	60	1
555	212	1
555	292	1
555	32	1
555	516	1
556	98	1
557	22	1
558	266	1
559	78	1
56	57	1
560	36	1
561	428	1
562	39	1
562	578	1
563	125	1
563	127	1
563	1316	0
563	170	1
563	214	1
563	266	1
563	352	1
563	36	1
563	388	1
563	405	1
563	428	1
563	434	1
563	463	1
563	568	1
563	632	1
563	72	1
563	77	1
563	857	1
563	93	1
563	98	1
563	985	0
564	101	0
564	212	1
564	290	1
564	292	1
564	40	1
564	985	0
566	765	1
567	218	1
568	1008	0
568	1084	1
568	118	0
568	150	1
568	29	1
568	292	1
568	327	1
568	42	1
568	520	1
568	568	1
568	577	1
568	615	1
568	624	1
568	72	1
568	85	1
568	985	0
569	25	1
569	267	1
569	362	1
569	411	1
570	1915	1
570	810	1
571	1011	1
571	1028	1
571	128	1
571	1310	1
571	172	1
571	18	1
571	191	1
571	226	1
571	242	1
571	266	1
571	293	1
571	33	1
571	36	1
571	40	1
571	415	1
571	433	1
571	499	1
571	516	1
571	625	1
571	688	1
571	786	1
571	815	1
571	86	1
571	868	1
571	90	1
572	1	1
572	128	1
572	172	1
572	226	1
572	370	1
572	425	1
572	851	1
572	93	1
573	1110	1
573	20	1
573	212	1
573	33	1
573	36	1
573	453	1
574	1634	1
574	1992	1
574	326	1
574	579	1
574	582	1
574	584	1
574	593	1
574	811	1
574	927	1
574	98	1
575	122	1
575	129	1
575	1426	1
575	1470	0
575	153	1
575	1666	1
575	170	1
575	172	1
575	1731	0
575	1789	1
575	1910	1
575	1988	1
575	2	1
575	20	1
575	212	1
575	244	1
575	246	0
575	254	1
575	266	1
575	280	1
575	29	1
575	316	0
575	321	1
575	33	1
575	38	1
575	398	1
575	42	1
575	46	1
575	49	1
575	494	1
575	576	1
575	577	1
575	580	1
575	582	1
575	584	1
575	594	1
575	678	0
575	69	1
575	716	1
575	719	1
575	79	1
575	811	1
575	83	1
575	85	1
575	86	1
575	930	1
575	932	1
575	98	1
576	122	1
576	1889	0
576	1941	1
576	251	0
576	29	1
576	321	1
576	575	1
576	8	1
576	807	1
576	83	1
576	932	1
577	102	0
577	105	0
577	110	0
577	118	0
577	1210	0
577	129	1
577	1299	1
577	13	0
577	1426	1
577	1470	0
577	1634	1
577	1636	1
577	170	1
577	171	0
577	172	1
577	1735	0
577	1737	0
577	1791	1
577	1792	0
577	1820	0
577	1842	0
577	1862	0
577	1882	0
577	1939	0
577	1965	0
577	2	1
577	20	0
577	205	0
577	206	0
577	212	1
577	243	0
577	246	0
577	280	1
577	309	0
577	321	1
577	372	0
577	398	1
577	49	1
577	490	0
577	500	0
577	511	0
577	538	0
577	540	1
577	582	0
577	590	0
577	606	0
577	678	0
577	680	0
577	688	0
577	716	1
577	811	0
577	83	1
577	930	1
577	931	0
577	932	1
578	39	1
578	562	1
579	129	1
579	1426	1
579	153	1
579	1635	1
579	242	1
579	574	1
579	582	1
579	584	1
579	593	1
579	594	1
579	624	1
579	65	1
579	927	1
579	98	1
58	123	1
58	13	1
58	155	1
58	219	1
58	334	1
58	415	1
58	499	0
58	50	0
58	509	1
58	51	1
58	512	0
58	72	1
58	86	1
58	93	1
580	212	1
580	575	1
580	7	1
581	86	1
582	1471	1
582	1634	1
582	1658	1
582	177	1
582	1789	1
582	196	1
582	28	1
582	326	1
582	327	1
582	33	1
582	512	1
582	574	1
582	575	1
582	579	1
582	582	1
582	584	1
582	590	1
582	719	1
582	811	1
582	85	1
582	98	1
583	1889	1
583	1960	1
583	574	1
583	584	1
583	927	1
583	98	1
584	107	1
584	1992	1
584	212	1
584	327	1
584	350	1
584	49	1
584	574	1
584	579	1
584	582	1
584	583	1
584	594	1
584	7	1
584	83	1
584	927	1
585	150	1
585	18	1
585	36	1
585	372	1
585	486	1
585	71	1
585	74	1
585	764	1
585	782	1
585	83	1
586	431	1
587	1150	1
587	119	1
587	1208	1
587	122	1
587	1253	1
587	1323	1
587	1345	1
587	138	1
587	1505	1
587	1614	1
587	162	1
587	194	1
587	292	1
587	297	1
587	318	1
587	352	1
587	36	1
587	428	1
587	434	1
587	499	1
587	546	1
587	577	1
587	615	1
587	688	1
587	713	1
587	792	1
587	80	1
587	805	1
587	839	1
587	957	1
587	979	1
587	980	1
587	994	1
588	317	1
589	117	1
59	1172	1
59	125	1
59	171	1
590	177	1
590	199	1
590	441	1
590	58	0
590	582	1
590	590	1
590	98	1
591	1635	1
591	20	1
591	212	1
591	811	1
591	85	1
592	1635	1
592	246	0
593	326	1
593	372	1
593	574	1
593	579	1
593	7	1
594	153	1
594	1634	1
594	1783	1
594	1917	1
594	1939	1
594	1960	1
594	20	1
594	29	1
594	316	1
594	327	1
594	574	1
594	575	1
594	579	1
594	584	1
594	7	1
594	72	1
594	927	1
594	98	1
595	29	1
596	182	1
596	284	1
596	370	1
596	77	1
596	93	1
597	180	0
597	239	1
598	180	1
598	425	1
598	624	1
598	85	1
598	860	1
599	370	1
599	563	1
599	752	1
6	180	1
6	185	1
60	1	1
60	107	1
60	109	1
60	120	1
60	14	1
60	226	1
60	251	1
60	365	1
60	4	1
60	415	1
60	468	1
60	485	1
60	522	1
60	554	1
60	624	1
60	625	1
60	850	1
60	86	1
60	868	1
60	98	1
601	1271	1
601	172	1
601	197	1
601	272	1
601	287	1
601	624	1
601	72	1
601	745	1
601	947	1
603	72	1
604	135	1
605	287	1
606	117	1
606	127	1
606	205	1
606	294	1
606	415	1
606	48	1
606	72	1
606	805	1
607	216	1
607	624	1
608	230	1
609	112	1
609	499	1
61	204	0
611	1854	1
611	345	1
611	678	1
611	719	1
611	78	1
612	181	1
612	357	1
612	365	1
612	485	0
612	698	1
612	803	1
612	86	1
612	868	1
613	33	1
613	614	1
614	125	1
614	170	1
614	172	1
614	209	1
614	235	1
614	242	1
614	254	1
614	295	1
614	723	1
614	98	1
615	148	1
615	170	1
615	181	1
615	182	1
615	284	1
615	29	1
615	334	1
615	412	1
615	468	1
615	49	1
615	506	1
615	568	1
615	614	1
615	677	1
615	83	1
615	86	1
615	882	1
616	121	1
617	202	1
617	292	1
617	328	1
617	345	1
617	756	1
617	866	0
618	615	1
619	190	1
62	147	1
62	2	1
62	20	1
62	248	1
62	303	1
62	36	1
62	391	1
62	48	1
62	64	1
62	84	1
620	284	1
620	302	1
620	415	1
620	803	1
621	843	1
622	101	1
622	102	1
622	120	1
622	203	1
622	25	1
622	328	1
622	345	1
622	36	1
624	1066	0
624	18	1
624	242	0
624	34	1
624	399	1
624	415	0
624	486	1
624	499	0
625	155	1
625	60	1
625	77	1
627	982	1
628	170	1
628	20	1
628	302	1
629	334	1
63	12	1
63	125	1
63	1734	1
63	1887	1
63	246	1
63	314	1
63	33	1
63	364	1
63	49	1
63	577	1
63	83	1
63	930	1
630	112	1
630	130	1
630	226	1
630	334	1
630	37	1
630	404	1
630	425	1
630	434	1
630	463	1
630	506	1
630	72	1
630	74	1
630	78	1
631	51	1
632	101	0
632	127	1
632	226	1
632	29	1
633	287	1
633	388	1
633	40	1
633	463	1
633	514	1
633	831	1
634	194	1
634	554	1
635	624	1
636	190	1
637	93	1
638	227	1
638	33	1
638	49	1
639	29	1
639	516	1
639	733	1
639	78	1
639	835	1
64	126	1
64	147	1
64	173	1
64	20	1
64	221	1
64	297	1
64	44	1
64	48	1
64	62	1
64	65	1
64	681	1
64	78	1
64	79	1
64	80	1
64	81	1
64	82	1
64	83	1
64	84	1
64	85	1
64	86	1
640	7	1
640	98	1
641	642	1
643	117	1
643	127	1
643	191	0
643	25	1
643	266	1
643	272	1
643	291	1
643	297	1
643	36	1
643	364	1
643	40	1
643	541	1
643	846	1
643	991	1
644	307	1
645	706	1
646	1237	1
647	1071	1
647	109	1
647	1186	1
647	250	1
647	307	1
647	508	1
648	182	1
648	194	1
648	355	1
649	1060	1
649	1098	1
649	707	1
649	854	1
649	905	1
65	186	1
65	242	1
65	307	1
65	33	1
65	362	0
65	92	1
650	170	1
650	172	1
650	20	1
650	577	1
650	86	1
651	1165	1
651	1464	1
651	239	1
651	830	1
652	181	1
652	364	1
652	385	1
652	468	1
652	77	1
652	819	1
652	86	1
652	868	1
653	100	1
653	1002	1
653	1029	1
653	107	1
653	1126	1
653	1141	1
653	117	1
653	127	1
653	1326	1
653	1506	1
653	201	1
653	272	1
653	30	1
653	434	1
653	492	1
653	774	1
653	863	1
653	929	1
654	122	0
654	514	1
654	72	1
655	127	1
656	1500	1
657	1002	1
657	1412	1
657	1632	1
657	178	1
657	191	1
657	213	1
657	297	1
657	418	1
657	467	1
657	655	1
657	707	1
657	838	1
658	127	1
658	434	1
659	197	1
66	21	1
66	84	1
66	98	1
660	25	1
660	497	1
660	661	1
662	32	1
662	7	1
662	86	1
664	17	1
664	290	1
665	326	0
666	172	1
666	522	1
667	1673	1
667	251	0
667	30	1
667	353	1
667	939	1
668	170	1
668	300	1
669	126	1
669	127	1
669	1433	0
669	144	1
669	170	1
669	53	1
669	568	1
67	137	1
67	528	1
67	54	1
67	839	1
67	88	1
670	170	1
671	102	1
671	155	1
671	242	1
671	392	1
671	468	1
671	51	1
671	571	1
671	8	1
671	96	1
672	107	1
672	750	1
673	1252	1
673	127	1
673	272	1
673	355	1
673	549	1
673	71	0
673	735	1
674	194	0
675	1421	1
675	318	1
675	370	1
675	676	1
676	107	0
676	1421	1
676	462	0
676	675	1
676	901	1
677	101	0
677	1131	1
677	172	1
677	615	1
678	118	1
678	128	1
678	1297	1
678	1300	1
678	1330	1
678	1425	1
678	143	1
678	1439	1
678	1634	1
678	164	1
678	1655	1
678	166	1
678	1734	1
678	1766	1
678	177	1
678	1783	1
678	180	1
678	1800	1
678	1816	1
678	1818	1
678	1820	1
678	1822	1
678	1827	1
678	1829	1
678	1830	1
678	1831	1
678	1832	1
678	1833	1
678	1834	1
678	1835	1
678	1841	1
678	1842	1
678	1844	1
678	1847	1
678	196	1
678	20	1
678	205	1
678	224	1
678	237	1
678	242	1
678	243	1
678	254	1
678	280	1
678	307	1
678	326	1
678	33	1
678	347	1
678	365	1
678	38	1
678	39	1
678	398	1
678	412	1
678	46	1
678	48	1
678	5	1
678	510	1
678	577	1
678	606	1
678	611	1
678	645	1
678	680	1
678	689	1
678	71	1
678	716	1
678	719	1
678	72	1
678	721	1
678	79	1
678	8	1
678	812	1
678	83	1
678	87	1
678	94	1
679	122	1
679	177	1
679	74	0
679	86	1
679	87	1
68	1	1
68	138	1
68	143	1
68	1842	1
68	1855	1
68	206	1
68	210	1
68	216	1
68	254	1
68	36	1
68	365	1
68	389	1
68	39	1
68	42	1
68	470	1
68	48	1
68	525	1
68	58	1
68	614	1
68	69	1
68	716	1
68	86	1
68	883	1
68	967	1
680	1735	1
680	441	1
680	678	1
681	1330	1
681	253	1
681	577	1
681	87	1
682	1060	1
682	127	1
682	30	1
682	486	1
683	1135	0
683	172	1
683	181	1
683	434	1
683	463	1
683	698	1
684	1015	1
686	1060	1
686	1096	1
686	1100	1
686	172	1
686	410	1
686	649	1
686	707	1
686	746	1
686	834	1
686	854	1
686	905	1
686	906	1
687	49	1
688	1017	1
688	1143	1
688	117	1
688	1246	1
688	1255	1
688	1287	1
688	1407	1
688	1453	1
688	1476	1
688	1596	1
688	1682	1
688	222	1
688	25	1
688	272	1
688	297	1
688	38	1
688	396	1
688	468	1
688	51	1
688	563	1
688	582	1
688	587	1
688	667	1
688	75	1
688	821	1
688	844	1
688	859	1
688	870	1
689	109	1
689	135	1
689	170	1
689	172	1
689	196	1
689	20	1
689	252	1
689	577	1
689	83	1
69	104	1
69	128	1
69	137	1
69	177	1
69	180	1
69	2	1
69	206	1
69	208	1
69	210	1
69	221	1
69	254	1
69	269	1
69	307	1
69	33	1
69	36	1
69	364	1
69	410	1
69	42	1
69	48	1
69	54	1
69	575	1
69	606	1
69	614	1
69	67	1
69	68	1
69	805	1
69	89	1
690	490	1
690	72	1
693	522	1
695	1124	0
695	1213	0
695	127	1
695	252	1
695	266	1
695	615	1
696	170	1
696	172	1
696	224	1
696	226	1
696	485	1
696	804	1
696	824	1
697	190	1
698	1	1
698	1196	1
698	14	1
698	175	1
698	418	1
698	683	1
698	80	1
698	985	0
699	1199	1
699	1688	1
699	594	1
699	619	1
7	107	1
7	1200	0
7	121	1
7	122	1
7	127	1
7	129	1
7	1635	1
7	1666	1
7	169	1
7	170	1
7	1869	0
7	1910	1
7	1939	1
7	2	1
7	20	1
7	212	1
7	248	1
7	25	1
7	280	1
7	283	1
7	29	1
7	316	1
7	321	1
7	327	1
7	33	1
7	350	1
7	352	1
7	372	1
7	398	1
7	401	1
7	42	1
7	428	1
7	468	1
7	49	1
7	575	1
7	579	1
7	580	1
7	584	1
7	593	1
7	594	1
7	606	0
7	79	1
7	8	1
7	811	1
7	83	1
7	86	1
7	927	1
7	932	1
7	98	1
70	22	1
700	202	1
701	126	1
701	153	1
701	170	1
701	20	1
701	40	1
701	516	1
702	502	1
703	173	1
703	791	1
705	1015	1
706	155	1
706	226	1
706	405	1
706	463	1
706	54	1
706	645	1
706	98	1
707	1096	1
707	1098	1
707	1099	1
707	1100	1
707	649	1
707	686	1
707	834	1
708	1196	1
708	181	1
709	250	1
71	110	1
71	164	0
71	170	1
71	20	1
71	246	0
71	25	1
71	26	1
71	263	0
71	337	1
71	511	0
71	623	0
71	72	1
71	810	1
710	1674	1
710	291	1
710	330	1
710	392	1
710	544	1
710	651	1
714	419	1
715	178	1
715	761	1
716	109	1
716	170	1
716	172	1
716	1842	0
716	1862	0
716	307	1
716	321	1
716	49	1
716	497	1
716	575	1
716	577	1
716	689	1
716	8	0
716	83	1
717	72	1
719	143	0
719	1634	1
719	1658	1
719	173	1
719	1820	1
719	202	1
719	575	1
719	582	1
719	723	1
719	98	1
72	1471	0
72	1634	1
72	1915	1
72	20	1
72	345	0
72	499	0
72	58	0
72	637	0
72	70	0
72	730	0
720	169	1
720	1903	0
720	1915	1
720	1939	0
720	1941	1
720	1942	0
720	199	1
720	316	1
720	540	0
720	57	0
720	59	0
720	8	1
721	1146	1
721	143	1
721	577	1
722	20	1
722	36	1
723	107	1
723	719	1
723	98	1
724	173	1
725	107	1
726	1148	1
726	132	1
726	216	1
726	226	1
726	334	1
726	585	1
726	72	1
726	86	1
727	1	1
727	1009	1
727	1196	1
727	1418	1
727	1420	1
727	1445	1
727	222	1
727	230	1
727	297	1
727	792	1
727	80	1
727	803	1
727	86	1
727	981	1
728	425	1
729	357	1
73	125	1
73	194	1
73	54	1
731	370	1
731	428	1
732	129	1
732	153	1
732	1889	1
732	20	1
732	355	1
732	36	1
733	290	1
733	639	1
734	735	1
735	127	1
735	196	1
735	226	1
735	673	1
735	734	1
736	127	1
736	164	1
736	170	1
736	172	1
736	194	1
736	2	1
736	206	1
736	25	1
736	321	1
736	36	1
736	412	1
736	51	1
736	522	1
736	577	1
736	606	1
736	716	1
736	8	1
736	86	1
738	843	1
739	101	1
739	127	1
739	172	1
739	271	1
739	284	1
739	302	1
739	334	1
739	405	1
739	415	1
739	541	1
739	821	1
739	99	1
74	181	0
74	205	0
74	399	1
74	415	0
74	445	0
74	49	1
74	511	0
74	679	0
74	7	0
74	701	0
74	738	0
74	767	0
74	98	1
74	985	0
740	75	1
741	122	1
742	839	1
743	120	1
743	785	1
743	786	1
744	199	1
744	96	1
745	297	1
745	632	1
746	1037	1
746	1046	1
746	1096	1
746	1100	1
746	1208	1
746	138	1
746	1488	1
746	1511	1
746	1602	1
746	433	1
746	449	1
746	450	1
746	483	1
746	587	1
746	620	1
746	649	1
746	686	1
746	707	1
746	834	1
746	905	1
746	957	1
746	992	1
748	107	1
748	127	1
748	1421	1
748	1422	1
748	174	1
748	190	1
748	272	1
748	515	1
748	675	1
748	676	1
748	750	1
748	946	1
749	136	1
75	100	1
75	1002	1
75	1178	1
75	1203	1
75	1237	1
75	1288	1
75	1329	1
75	1352	1
75	1402	1
75	1435	1
75	1438	1
75	15	1
75	1528	1
75	1624	1
75	164	1
75	173	1
75	183	1
75	203	1
75	212	1
75	239	1
75	265	1
75	292	1
75	415	1
75	428	1
75	468	1
75	47	1
75	492	1
75	564	1
75	646	1
75	688	1
75	71	0
75	72	1
75	740	1
75	754	1
75	815	1
75	826	1
75	828	1
75	844	1
75	85	1
75	866	1
75	922	1
75	929	1
75	949	1
75	99	1
750	107	1
750	190	1
750	194	1
750	36	1
750	754	1
751	186	1
752	370	1
752	514	1
752	599	1
753	107	1
753	25	1
753	36	1
755	1031	1
755	1064	1
755	1095	1
755	1097	1
755	1128	1
755	1199	1
755	1214	1
755	127	1
755	1318	1
755	1345	1
755	1390	1
755	1443	1
755	1462	1
755	1472	1
755	155	1
755	1562	1
755	1564	1
755	1599	1
755	1601	1
755	1617	1
755	172	1
755	181	1
755	1946	1
755	218	0
755	226	1
755	291	1
755	30	1
755	307	1
755	36	1
755	370	1
755	465	1
755	496	1
755	582	1
755	653	1
755	686	1
755	750	1
755	758	1
755	80	1
755	856	1
755	893	1
755	929	1
755	99	1
756	1187	0
756	757	1
757	1002	1
757	127	1
757	756	1
759	117	1
759	302	1
760	297	1
761	1199	1
761	127	1
761	15	1
761	396	1
761	434	1
761	715	1
762	1	1
762	109	1
762	1143	1
762	119	1
762	127	1
762	14	1
762	388	1
762	434	1
762	463	1
762	522	1
763	805	1
765	101	1
765	102	1
765	104	1
765	1585	1
765	388	1
765	405	1
765	566	1
765	86	1
765	985	0
766	109	1
766	120	1
766	122	1
766	14	1
766	181	1
766	290	1
766	362	1
766	364	1
766	415	1
766	463	1
766	481	1
766	93	1
767	112	1
767	74	0
768	118	1
768	127	1
768	7	1
768	92	1
769	172	1
769	226	1
769	238	1
769	29	1
769	302	1
769	410	1
769	412	1
769	433	1
769	554	1
769	868	1
77	1092	1
77	120	1
77	127	1
77	1342	0
77	1372	0
77	178	1
77	181	1
77	197	1
77	198	1
77	253	1
77	294	1
77	364	1
77	365	1
77	373	1
77	405	1
77	410	1
77	452	1
77	456	0
77	468	1
77	527	1
77	563	1
77	625	1
77	677	1
77	80	1
77	851	1
77	868	1
77	911	1
771	1186	1
771	274	1
771	36	1
771	481	1
771	494	1
771	801	1
772	127	1
773	1209	1
773	1262	1
773	1275	1
773	1276	1
773	1277	1
773	1302	1
773	1304	1
773	1305	1
773	1307	1
773	440	1
773	444	1
773	445	1
773	507	1
773	872	1
775	132	1
775	265	1
775	988	1
776	194	1
777	96	1
779	667	1
779	927	1
779	98	1
78	1172	1
78	126	1
78	1294	1
78	144	1
78	162	1
78	173	1
78	1776	1
78	20	1
78	280	1
78	287	1
78	290	1
78	328	1
78	33	1
78	345	1
78	357	1
78	38	1
78	381	1
78	506	1
78	516	1
78	559	1
78	611	1
78	630	1
78	639	1
78	64	1
78	93	1
78	98	1
781	782	1
782	1018	1
782	117	1
782	150	1
782	1633	1
782	164	1
782	1725	1
782	199	1
782	284	1
782	330	1
782	415	1
782	781	1
784	828	1
785	109	1
785	155	1
785	445	0
786	1310	1
786	1316	1
787	112	1
788	127	1
789	1855	1
789	1889	1
789	49	0
789	994	1
79	169	1
79	172	1
79	1791	1
79	1881	1
79	310	1
79	530	1
79	575	1
79	577	1
79	677	1
791	336	1
792	1	1
792	1009	1
792	1106	1
792	119	1
792	1325	1
792	14	1
792	1445	1
792	1504	1
792	1619	1
792	222	1
792	297	1
792	4	1
792	453	1
792	587	1
792	698	1
792	727	1
792	80	1
792	86	1
792	957	1
792	979	1
792	981	1
794	1028	1
794	128	1
795	606	1
796	221	1
797	12	1
797	166	1
797	173	1
797	51	1
798	14	1
799	239	1
799	271	1
8	144	1
8	153	1
8	1634	1
8	17	1
8	1735	0
8	20	1
8	254	1
8	300	1
8	321	1
8	38	1
8	492	1
8	576	1
8	582	1
8	716	1
8	83	1
8	835	1
8	86	1
8	947	1
80	118	0
80	1634	0
80	170	1
80	1700	0
80	172	1
80	177	0
80	20	1
80	246	0
80	415	0
80	511	0
80	678	0
80	680	0
80	87	0
800	323	1
801	274	1
801	771	1
802	820	1
803	101	0
803	14	1
803	263	1
803	284	1
803	302	1
803	415	1
803	985	0
804	197	1
804	27	1
804	290	1
804	370	1
804	405	1
804	696	1
804	817	1
805	587	1
806	465	1
806	793	1
806	797	1
807	1941	1
807	226	1
807	49	1
807	576	1
808	145	1
809	1941	1
809	252	1
809	283	1
809	575	1
809	8	1
810	129	1
810	134	1
810	1634	1
810	1733	1
810	1820	1
810	1915	1
810	20	1
810	212	1
810	29	1
810	570	1
810	71	1
810	72	1
811	153	1
811	1915	1
811	20	1
811	350	1
811	512	1
811	574	1
811	579	1
811	582	1
811	594	1
812	104	0
812	118	1
812	175	1
812	18	0
812	264	1
812	380	0
812	494	0
813	689	1
814	127	1
814	405	1
815	173	1
815	238	1
815	287	1
815	29	1
815	290	1
815	405	1
815	564	1
815	571	1
815	658	1
815	72	1
815	75	1
815	830	1
815	85	1
816	93	1
817	804	1
818	109	1
819	127	1
819	14	1
819	1608	1
819	1609	1
819	18	1
819	199	1
819	30	1
819	302	1
819	365	1
819	620	1
819	652	1
819	863	1
82	1399	0
82	162	1
82	17	1
82	21	1
82	266	1
82	83	1
820	334	1
821	1144	1
821	468	1
822	117	1
822	127	1
822	194	1
823	1010	1
823	1199	1
823	1412	1
823	175	1
823	197	1
823	334	1
823	437	1
823	606	1
823	947	1
824	271	1
825	127	1
825	540	1
826	127	1
826	1281	1
826	194	1
827	98	1
828	107	1
828	127	1
828	194	1
829	116	1
829	42	1
829	80	1
83	134	0
83	1426	1
83	170	1
83	1969	1
83	2	1
83	20	1
83	229	1
83	241	1
83	248	1
83	266	1
83	297	1
83	319	1
83	350	1
83	574	0
83	575	1
83	576	1
83	577	1
83	584	1
83	716	1
83	8	1
83	809	1
83	86	1
830	1165	1
830	239	1
830	651	1
830	815	1
831	173	1
831	189	0
831	194	1
832	127	1
832	290	1
833	492	1
834	1060	1
834	1096	1
834	1098	1
834	1099	1
834	1103	1
834	1607	1
834	172	1
834	410	1
834	649	1
834	686	1
834	707	1
834	746	1
834	854	1
834	905	1
834	906	1
835	314	1
835	397	1
835	415	0
835	54	0
835	639	1
835	8	1
835	805	0
835	9	1
836	5	1
837	120	1
837	632	1
837	851	1
838	1014	1
838	109	1
838	1135	0
838	1165	0
838	127	1
838	1273	0
838	1369	0
838	148	1
838	1541	1
838	172	1
838	175	1
838	181	1
838	202	1
838	222	1
838	375	1
838	481	1
838	51	1
838	514	1
838	657	1
838	80	1
838	831	1
838	845	1
838	86	1
838	868	1
838	90	1
838	985	0
838	987	1
839	206	1
839	238	1
839	269	1
839	294	1
839	587	1
839	67	1
839	742	1
839	868	1
839	994	1
84	1126	0
84	1134	0
84	1219	0
84	1283	0
84	1634	0
84	1655	0
84	235	0
84	266	0
84	28	0
84	288	0
84	301	0
84	319	0
84	347	0
84	380	0
84	520	0
84	607	0
84	66	0
84	7	0
84	85	0
84	98	0
840	122	1
841	1078	1
841	127	1
841	170	1
841	172	1
841	18	1
841	197	1
841	46	1
841	563	1
841	579	1
841	883	1
841	98	0
842	1009	1
843	180	1
843	239	1
843	358	1
843	738	1
844	290	1
844	30	1
844	405	1
844	412	1
844	75	1
844	863	1
844	870	1
844	949	1
845	838	1
848	1024	1
848	127	1
848	194	1
848	292	1
848	375	1
848	388	1
848	465	1
848	5	1
848	573	1
849	302	1
849	39	1
85	127	1
85	129	1
85	151	1
85	1634	1
85	1718	1
85	18	1
85	180	1
85	186	1
85	1878	1
85	1992	1
85	20	1
85	203	1
85	242	1
85	254	1
85	272	1
85	28	1
85	29	1
85	31	1
85	34	1
85	347	1
85	380	1
85	486	1
85	568	1
85	574	1
85	575	1
85	582	1
85	591	1
85	624	1
85	706	1
85	75	1
85	85	1
85	853	1
85	98	1
850	1023	1
850	1030	1
850	1074	1
850	1206	1
850	1385	1
850	1386	1
850	1387	1
850	1388	1
850	194	1
850	6	1
850	60	1
850	616	1
850	772	1
850	875	1
851	127	1
851	175	1
851	191	1
851	197	1
851	290	1
851	370	1
851	388	1
851	49	1
851	677	1
851	698	1
851	7	1
851	77	1
852	127	1
852	14	0
852	1703	1
852	753	0
853	1001	1
853	1126	1
853	1203	1
853	127	1
853	1608	1
853	1661	1
853	194	1
853	291	1
853	492	1
853	569	1
853	855	1
854	1060	1
854	1507	1
854	1607	1
854	172	1
854	410	1
855	1203	1
855	853	1
856	109	1
856	1199	1
856	127	1
856	1272	1
856	15	1
856	253	1
856	868	1
857	164	1
857	181	1
857	206	1
857	226	1
857	271	1
857	388	1
857	463	1
857	563	1
857	677	1
857	83	1
858	326	1
858	362	1
858	86	1
859	120	1
859	382	1
86	1	1
86	109	1
86	1293	0
86	170	1
86	172	1
86	20	1
86	222	1
86	226	1
86	254	1
86	29	1
86	297	1
86	307	1
86	33	1
86	370	1
86	398	1
86	575	1
86	577	1
86	679	0
86	7	1
86	8	1
86	807	1
86	83	1
86	93	1
86	930	1
86	932	1
861	117	0
862	1097	1
863	1029	1
863	109	1
863	1223	1
863	127	1
863	1534	1
863	468	1
863	7	1
863	819	1
863	844	1
863	929	1
864	14	1
864	284	1
864	803	1
865	1276	1
865	1302	1
865	1339	1
865	1343	1
865	1361	1
865	1367	1
865	441	1
865	442	1
865	444	1
865	456	1
865	507	1
865	872	1
865	873	1
866	1024	1
866	297	1
866	30	1
866	388	1
866	633	1
866	75	1
867	130	1
867	334	1
868	1139	1
868	1176	1
868	125	1
868	127	1
868	14	0
868	155	1
868	172	1
868	178	1
868	18	1
868	197	1
868	222	1
868	226	1
868	238	1
868	240	0
868	297	1
868	313	1
868	328	1
868	370	1
868	4	1
868	433	1
868	468	0
868	481	1
868	483	1
868	485	1
868	494	1
868	522	1
868	60	1
868	612	1
868	615	1
868	633	1
868	652	1
868	677	0
868	769	1
868	77	1
868	838	1
868	839	1
868	844	1
868	883	1
868	89	1
868	90	1
868	942	1
869	15	1
87	122	0
87	1634	0
87	170	1
87	1766	1
87	1827	1
87	2	0
87	20	1
87	21	0
87	25	1
87	266	1
87	280	0
87	33	0
87	38	0
87	49	0
87	577	0
87	681	1
87	720	1
87	8	0
87	80	0
87	98	1
87	999	0
870	292	1
870	844	1
871	170	1
871	364	1
872	1200	1
872	1276	1
872	441	1
872	445	1
872	507	1
872	773	1
873	1157	1
873	1237	1
873	1262	1
873	1276	1
873	1282	1
873	1302	1
873	1339	1
873	1340	1
873	1342	1
873	1347	1
873	1366	1
873	1367	1
873	1368	1
873	441	1
873	442	1
873	444	1
873	456	1
873	507	1
873	865	1
873	872	1
874	144	1
876	101	0
876	127	1
876	328	1
876	476	1
876	790	1
876	822	1
877	120	1
878	1581	1
878	284	1
878	302	1
878	415	1
878	803	1
879	265	1
88	67	1
880	1064	1
881	757	1
882	527	1
882	615	1
883	117	1
883	127	1
883	172	1
883	230	1
883	36	1
883	365	1
883	86	1
883	98	1
884	109	1
884	117	1
884	1213	0
884	127	1
884	1321	1
884	1357	1
884	1462	1
884	1718	1
884	174	1
884	194	1
884	214	1
884	25	0
884	272	1
884	418	1
884	448	1
884	619	1
884	99	1
885	72	1
886	120	1
887	888	1
888	1438	0
888	751	1
89	1186	1
89	150	1
89	172	1
89	197	1
89	198	1
89	226	1
89	36	1
89	39	1
89	868	1
89	98	1
891	127	1
891	1443	1
891	276	1
891	643	1
891	876	1
891	915	1
891	958	1
892	86	1
893	20	1
894	1151	1
894	158	1
895	522	1
896	375	1
897	898	1
898	925	1
899	1126	1
899	127	1
899	1672	1
899	374	1
9	1731	1
90	1146	1
90	209	1
90	280	1
900	1154	1
900	127	1
900	278	1
901	200	1
901	40	1
902	237	1
903	121	1
904	1124	1
904	174	1
904	183	1
904	266	1
904	302	1
905	1060	1
905	1096	1
905	1097	1
905	1098	1
905	1099	1
905	1100	1
905	1101	1
905	1103	1
905	172	1
905	410	1
905	482	1
905	649	1
905	686	1
905	707	1
905	834	1
905	854	1
905	906	1
906	1096	1
906	1097	1
906	1103	1
906	1607	1
906	410	1
906	482	1
906	649	1
906	686	1
906	834	1
906	854	1
907	453	1
908	20	1
908	577	1
909	118	1
909	415	0
91	633	1
91	747	1
91	803	1
910	17	1
911	101	0
911	77	1
912	514	1
916	1122	1
916	1158	1
916	1159	1
916	291	1
917	364	1
918	100	1
918	1415	1
918	1553	1
919	1	1
919	328	1
92	169	1
92	238	1
92	264	1
92	267	1
92	313	1
92	362	1
92	368	1
92	509	1
92	61	1
92	65	1
920	226	1
921	205	1
922	75	1
923	696	1
924	925	1
925	1461	1
925	364	1
925	898	1
925	924	1
926	1218	1
926	1576	1
926	1577	1
926	194	1
926	290	1
926	944	1
927	1502	1
927	1783	1
927	1939	1
927	1960	1
927	1983	1
927	29	1
927	301	1
927	510	1
927	574	1
927	594	1
927	7	1
927	92	1
927	98	1
928	178	1
928	300	1
929	1029	1
929	1091	1
929	1141	1
929	1187	1
929	1199	1
929	1214	1
929	1237	1
929	1251	1
929	127	1
929	1318	1
929	1336	1
929	1412	1
929	1446	1
929	194	1
929	203	1
929	265	1
929	291	1
929	293	1
929	30	1
929	330	1
929	515	1
929	653	1
929	655	1
929	75	1
929	754	1
929	755	1
929	863	1
929	99	1
93	118	1
93	125	1
93	13	1
93	135	1
93	140	1
93	226	1
93	284	1
93	300	1
93	307	1
93	334	1
93	36	1
93	362	1
93	364	1
93	370	1
93	422	1
93	44	1
93	463	1
93	48	1
93	51	1
93	58	1
93	606	1
93	677	1
93	738	0
93	86	1
930	1426	1
930	1470	0
930	153	1
930	172	1
930	1791	1
930	1965	0
930	2	1
930	20	1
930	575	1
930	577	1
930	811	0
930	83	1
930	86	1
930	931	1
930	932	1
931	1974	1
931	2	1
931	49	1
931	577	1
931	930	1
932	1426	1
932	172	1
932	20	1
932	254	1
932	575	1
932	577	1
932	582	0
932	594	1
932	807	1
932	86	1
932	930	1
933	302	1
934	212	1
934	316	0
934	362	0
934	372	0
934	499	0
934	50	0
934	7	0
934	814	0
934	84	0
934	98	1
935	127	1
935	15	1
936	136	1
937	20	1
938	120	1
938	382	1
939	181	1
939	36	1
939	667	1
939	677	1
939	769	1
94	136	1
940	107	1
940	516	1
941	127	1
941	172	1
942	1198	1
942	1517	1
942	42	1
942	868	1
943	181	1
943	481	1
943	516	1
945	121	1
946	107	1
947	1023	1
947	109	1
947	22	1
947	222	1
947	271	1
947	72	1
947	8	1
947	805	1
948	949	1
949	1031	1
95	96	1
950	251	1
951	1267	1
951	164	1
951	334	1
952	1010	0
952	569	0
952	586	0
953	1333	1
953	1925	1
953	20	1
953	8	1
954	102	1
955	202	1
956	181	1
957	1029	1
957	1037	1
957	1126	1
957	119	1
957	1533	1
957	162	1
957	274	1
957	281	1
957	4	1
957	587	1
957	792	1
959	101	1
959	102	1
959	1027	1
959	1081	1
959	238	1
959	251	1
959	263	1
959	266	1
959	405	1
959	622	1
959	868	1
959	98	1
959	985	1
959	996	1
96	405	1
96	738	0
96	744	1
961	127	1
963	117	1
963	1237	1
963	127	1
963	181	1
963	25	1
963	266	1
963	28	1
963	624	1
963	831	1
963	839	1
963	99	1
964	614	1
965	996	1
966	1152	1
966	197	1
966	505	1
968	155	1
968	51	0
969	573	1
969	635	1
969	669	1
97	210	1
970	1420	1
970	1592	1
970	16	1
970	222	1
970	287	1
970	388	1
970	774	1
970	989	1
971	106	1
971	1770	1
971	20	1
971	212	1
971	254	1
971	267	1
971	287	1
971	313	1
971	49	1
971	8	1
971	86	1
972	21	1
973	284	1
974	117	1
974	125	1
974	17	1
974	172	1
974	181	1
974	36	1
974	979	0
975	25	1
976	20	1
976	365	1
976	883	1
976	993	1
977	970	1
978	355	1
979	119	1
979	162	1
979	36	1
979	465	1
979	587	1
98	129	1
98	1878	1
98	1889	1
98	322	0
98	488	0
98	574	1
98	575	1
98	577	0
98	582	1
98	594	1
98	74	1
98	927	1
981	1097	1
981	1140	1
981	1196	1
981	222	1
981	297	1
981	364	1
981	727	1
981	792	1
981	960	1
982	1002	1
982	1146	1
982	1165	1
982	1237	1
982	1620	1
982	293	1
982	30	1
982	392	1
982	682	1
982	828	1
982	99	1
983	1842	1
983	46	1
984	194	1
985	101	1
985	102	1
985	1134	1
985	1135	1
985	28	1
985	294	1
985	959	1
986	191	1
986	370	1
987	271	1
987	838	1
988	1009	1
988	121	1
988	1479	1
988	1485	1
988	181	1
988	297	1
988	485	1
988	80	1
989	127	1
989	386	1
99	190	1
992	1090	1
992	138	1
992	957	1
993	287	1
994	1176	1
994	209	1
994	214	1
994	366	1
994	525	1
994	587	1
994	789	1
994	839	1
995	1015	1
995	1106	1
995	132	1
995	162	1
995	579	1
995	80	1
997	858	1
998	1023	1
999	209	1
999	653	0
